13.845 5.3114 -0.77718 0 0
12.111 7.6091 -0.74962 0 0
13.642 5.6826 -0.25797 0 0
11.633 8.1711 -0.24815 0 0
9.3457 11.279 -0.25569 0 0
7.6088 13.666 -0.27303 0 0
12.785 6.7754 0.25258 0 0
10.868 9.3293 0.25001 0 0
8.9415 11.889 0.25966 0 0
7.5527 13.555 0.27085 0 0
13.852 5.2851 0.77705 0 0
12.102 7.6531 0.75047 0 0
9.7774 10.74 0.76124 0 0
8.0208 13.074 0.80383 0 0
14.45 4.4477 1.3227 0 0
12.339 7.2931 1.2541 0 0
10.6 9.6532 1.2543 0 0
8.6697 12.191 1.3089 0 0
7.0208 14.542 1.4128 0 0
14.872 3.8321 1.8857 0 0
12.947 6.3955 1.7731 0 0
10.995 8.9935 1.7441 0 0
9.299 11.305 1.7974 0 0
7.4002 13.824 1.9253 0 0
17.533 0.52035 2.1537 0 0
15.023 3.5755 2.4459 0 0
12.479 6.9712 2.264 0 0
10.346 9.8123 2.2586 0 0
8.6122 12.112 2.3539 0 0
6.198 15.557 2.0562 0 0
17.133 0.71586 2.716 0 0
14.393 4.3932 2.9253 0 0
12.712 6.6953 2.7929 0 0
11.006 9.0121 2.765 0 0
9.0557 11.559 2.8543 0 0
6.244 15.241 2.6088 0 0
24.267 -8.7825 3.1688 0 0
21.005 -4.4931 3.4021 0 0
16.949 0.9348 3.2995 0 0
14.739 3.8726 3.3307 0 0
12.899 6.3559 3.3199 0 0
11.165 8.7112 3.2696 0 0
9.2382 11.245 3.36 0 0
6.9182 14.372 3.1004 0 0
22.93 -7.1078 3.8022 0 0
20.26 -3.5164 3.9971 0 0
18.626 -1.2828 3.6292 0 0
16.552 1.5521 3.838 0 0
13.891 4.8911 3.9461 0 0
12.198 7.1943 3.7947 0 0
9.8681 10.262 3.815 0 0
8.0706 12.775 3.6271 0 0
26.03 -11.295 4.4942 0 0
23.894 -8.4135 4.0123 0 0
20.387 -3.674 4.0267 0 0
17.783 -0.21935 4.1061 0 0
15.405 2.8638 4.1984 0 0
7.4514 13.447 4.1193 0 0
24.091 -8.6989 4.9789 0 0
20.772 -4.2502 4.895 0 0
18.368 -1.1551 4.9314 0 0
16.79 1.0106 4.5071 0 0
20.058 -3.4426 5.453 0 0
20.669 -4.2876 5.6562 0 0
-12.943 9.9418 -0.28487 1 0
-10.103 12.103 -0.27519 1 0
-7.2589 14.312 -0.28013 1 0
-12.922 9.9768 0.28497 1 0
-10.098 12.102 0.27512 1 0
-7.2314 14.171 0.27771 1 0
-4.6979 16.144 0.29349 1 0
-15.509 8.1126 0.91726 1 0
-12.928 9.9293 0.8543 1 0
-10.352 11.836 0.82412 1 0
-7.5269 14.02 0.83396 1 0
-4.7211 16.154 0.88205 1 0
-1.8238 18.306 0.96415 1 0
-13.751 9.2604 1.4505 1 0
-10.894 11.372 1.3778 1 0
-8.346 13.347 1.3773 1 0
-5.7741 15.311 1.4317 1 0
-0.3405 19.428 1.0184 1 0
2.4491 21.548 1.1365 1 0
5.1065 23.45 1.2578 1 0
-11.747 10.718 1.9526 1 0
-8.8509 12.902 1.9212 1 0
-6.0522 15.05 1.9917 1 0
-2.0965 18.091 1.5934 1 0
0.43456 20.009 1.751 1 0
3.6384 22.405 1.9859 1 0
-13.435 9.4357 2.0158 1 0
-9.3808 12.435 2.4671 1 0
-5.427 15.485 2.0147 1 0
-2.6512 17.6 2.1855 1 0
0.25897 19.778 2.4287 1 0
5.6923 23.93 2.1521 1 0
-13.11 9.6105 2.5746 1 0
-6.5668 14.567 2.5307 1 0
-3.9939 16.495 2.6881 1 0
-1.7177 18.208 2.8967 1 0
2.7879 21.678 2.6837 1 0
-15.298 7.9076 3.3474 1 0
-12.773 9.8332 3.1334 1 0
-9.9304 11.985 3.0254 1 0
-7.3816 13.924 3.0635 1 0
-4.8167 15.858 3.2216 1 0
-2.2957 17.744 3.478 1 0
1.4286 20.571 3.266 1 0
-14.734 8.2854 3.9027 1 0
-12.203 10.22 3.6749 1 0
-9.6822 12.141 3.5854 1 0
-7.1198 14.077 3.6421 1 0
-4.2183 16.265 3.8794 1 0
-1.1632 18.606 3.6237 1 0
3.2337 21.921 3.5095 1 0
-14.58 8.3009 4.4955 1 0
-12.173 10.136 4.2445 1 0
-9.623 12.082 4.1387 1 0
-6.7501 14.25 4.2252 1 0
-3.9941 16.301 4.4969 1 0
-0.78055 18.819 4.3485 1 0
2.61 21.404 4.1913 1 0
-14.74 8.1855 4.5179 1 0
-1.6213 18.079 4.8638 1 0
1.4763 20.515 4.7485 1 0
-0.44571 18.949 5.0788 1 0
2.8908 21.562 5.0225 1 0
1.6089 20.479 5.5043 1 0
5.2545 23.31 5.5166 1 0
9.1759 -25.238 -3.2974 2 0
11.768 -23.272 -3.202 2 0
14.105 -21.549 -3.1624 2 0
8.7566 -25.721 -2.3772 2 0
11.597 -23.58 -2.299 2 0
14.432 -21.433 -2.2606 2 0
8.4978 -25.999 -1.4335 2 0
11.072 -24.072 -1.3886 2 0
13.667 -22.107 -1.3621 2 0
25.727 -13.075 -0.50374 2 0
10.579 -24.522 -0.46617 2 0
13.372 -22.412 -0.45555 2 0
16.245 -20.236 -0.45297 2 0
8.8835 -25.882 0.47765 2 0
11.748 -23.718 0.46202 2 0
14.612 -21.56 0.45461 2 0
17.173 -19.614 0.45506 2 0
19.975 -17.481 0.46333 2 0
22.783 -15.35 0.47952 2 0
25.389 -13.381 0.50095 2 0
9.7652 -25.38 1.4252 2 0
12.183 -23.628 1.3932 2 0
14.656 -21.604 1.3682 2 0
17.461 -19.471 1.3707 2 0
20.302 -17.325 1.3988 2 0
23.174 -15.145 1.4509 2 0
25.724 -13.215 1.5157 2 0
15.337 -21.399 4.1698 2 0
17.608 -19.733 4.1888 2 0
20.569 -17.561 4.2837 2 0
22.816 -15.763 4.3922 2 0
25.125 -14.102 4.5634 2 0
20.424 8.4237 -1.1578 0 1
20.414 8.4147 -0.38542 0 1
18.53 10.027 -0.36776 0 1
15.385 12.935 -0.35084 0 1
13.345 14.832 -0.34827 0 1
20.118 8.6166 0.38201 0 1
17.243 11.268 0.35956 0 1
15.197 13.198 0.35135 0 1
7.85 19.852 0.37262 0 1
6.0513 21.549 0.3907 0 1
3.4651 23.967 0.42269 0 1
26.054 3.0518 1.3748 0 1
21.871 6.9352 1.2025 0 1
19.276 9.3429 1.1226 0 1
17.255 11.218 1.0786 0 1
14.394 13.893 1.0484 0 1
8.1886 19.676 1.117 0 1
5.6032 22.05 1.1923 0 1
3.2177 24.242 1.2816 0 1
20.1 8.5994 1.9127 0 1
17.762 10.746 1.8163 0 1
15.408 12.907 1.7585 0 1
12.806 15.303 1.7458 0 1
26.064 3.0554 2.2959 0 1
23.726 5.2281 2.1256 0 1
16.633 11.672 2.495 0 1
14.134 14.089 2.4504 0 1
22.36 6.3548 2.8542 0 1
19.492 8.9954 2.6359 0 1
18.232 10.233 2.5672 0 1
27.588 1.5742 3.3928 0 1
25.232 3.7209 3.1317 0 1
20.242 8.2416 3.4617 0 1
17.385 10.885 3.2487 0 1
14.794 13.294 3.1503 0 1
12.449 15.451 3.1427 0 1
10.647 17.159 3.1985 0 1
8.0629 19.562 3.3512 0 1
24.346 4.3944 3.9183 0 1
21.775 6.8125 3.6137 0 1
17.158 11.118 3.9742 0 1
14.298 13.769 3.8586 0 1
13.001 15.003 3.8589 0 1
10.181 17.64 3.959 0 1
4.6648 22.678 3.6671 0 1
26.718 2.1794 4.2458 0 1
21.785 6.8113 4.4368 0 1
20.507 8.0069 4.2792 0 1
17.464 10.893 4.0009 0 1
25.153 3.6644 4.9409 0 1
22.61 6.0772 4.551 0 1
17.318 10.895 4.7236 0 1
15.601 12.597 4.6294 0 1
13.214 14.716 4.5663 0 1
9.737 17.881 4.7006 0 1
26.689 2.1859 5.2053 0 1
20.439 7.9226 5.0609 0 1
16.495 11.493 5.3869 0 1
15.193 12.73 5.3113 0 1
12.336 15.374 5.2817 0 1
10.559 17.059 5.3757 0 1
20.899 7.4002 5.9406 0 1
18.294 9.8439 5.5666 0 1
7.9429 19.443 5.6276 0 1
6.6759 20.633 5.8109 0 1
21.935 6.4342 6.125 0 1
16.494 -11.995 -2.5041 2 1
18.801 -9.3007 -2.5755 2 1
13.751 -14.751 -2.4763 2 1
15.928 -12.427 -2.4806 2 1
13.385 -15.386 -1.7842 2 1
15.777 -12.758 -1.7752 2 1
17.937 -10.437 -1.8156 2 1
20.296 -7.7447 -1.9006 2 1
12.827 -16.08 -1.078 2 1
15.101 -13.601 -1.0651 2 1
17.503 -11.003 -1.0835 2 1
19.624 -8.6639 -1.1242 2 1
22.022 -6.0273 -1.1966 2 1
13.215 -15.714 -0.3584 2 1
15.608 -13.107 -0.35576 2 1
18.008 -10.51 -0.36395 2 1
20.392 -7.8929 -0.38168 2 1
22.784 -5.2853 -0.40827 2 1
13.01 -16.011 0.36012 2 1
15.157 -13.657 0.35614 2 1
17.554 -11.055 0.36211 2 1
19.706 -8.7044 0.37604 2 1
22.099 -6.1027 0.40017 2 1
12.869 -16.226 1.0854 2 1
14.946 -13.946 1.0713 2 1
17.347 -11.347 1.0864 2 1
19.495 -8.9955 1.1252 2 1
21.895 -6.3952 1.1954 2 1
24.279 -3.7995 1.2879 2 1
26.441 -1.4419 1.3878 2 1
13.817 -15.264 1.8013 2 1
15.706 -13.206 1.7953 2 1
18.109 -10.607 1.8361 2 1
20.504 -8.0059 1.9258 2 1
22.441 -5.8897 2.0298 2 1
24.846 -3.2814 2.1927 2 1
26.976 -0.96989 2.3616 2 1
14.604 -14.605 3.2712 2 1
16.77 -12.241 3.2886 2 1
18.665 -10.196 3.3686 2 1
20.603 -8.0991 3.5063 2 1
22.726 -5.7818 3.7142 2 1
24.436 -3.9373 3.9201 2 1
26.627 -1.6252 4.2252 2 1
-16.518 13.519 0.37258 1 1
-14.016 16.085 0.37241 1 1
-11.675 18.712 0.38499 1 1
-16.503 13.502 1.1175 1 1
-14.278 15.853 1.1182 1 1
-11.941 18.442 1.1514 1 1
-9.7999 20.775 1.2039 1 1
-15.507 14.507 1.8578 1 1
-13.093 17.095 1.8839 1 1
-10.709 19.709 1.9624 1 1
-9.2762 21.285 2.0314 1 1
-14.976 14.973 2.6003 1 1
-13.019 17.035 2.6325 1 1
-10.66 19.659 2.7459 1 1
-8.4942 21.989 2.8944 1 1
-15.895 13.895 3.3439 1 1
-13.494 16.493 3.3752 1 1
-11.562 18.613 3.4705 1 1
-9.428 20.926 3.6352 1 1
-16.599 13.1 4.1103 1 1
-14.202 15.702 4.1155 1 1
-11.798 18.299 4.2323 1 1
-9.398 20.898 4.454 1 1
-15.122 14.621 4.8562 1 1
-12.711 17.245 4.9462 1 1
-8.4389 21.938 4.569 1 1
-11.291 18.791 5.0613 1 1
-8.8912 21.39 5.348 1 1
-15.778 13.778 5.6131 1 1
-13.38 16.381 5.6675 1 1
-10.973 18.972 5.8727 1 1
-7.2211 23.211 5.612 1 1
-10.081 19.997 6.0005 1 1
-7.8506 22.349 6.3473 1 1
-3.8465 26.824 6.2563 1 1
-6.145 24.186 6.6866 1 1
-1.874 28.907 6.6876 1 1
-4.007 26.51 7.1841 1 1
0.20839 31.146 7.1908 1 1
-0.59183 30.123 8.0729 1 1
11.072 -20.111 -2.8188 0 2
12.676 -16.745 -2.5787 0 2
10.797 -20.752 -2.0466 0 2
17.132 -8.2232 -2.3334 0 2
11.593 -19.185 -1.9611 0 2
13.127 -16.219 -1.8255 0 2
16.939 -8.8839 -1.6735 0 2
18.514 -5.5742 -1.6916 0 2
20.255 -2.265 -1.7832 0 2
8.9056 -24.36 -1.3593 0 2
10.6 -21.152 -1.24 0 2
12.33 -17.759 -1.1331 0 2
13.659 -15.225 -1.072 0 2
17.809 -7.2364 -1.0075 0 2
19.505 -4.0021 -1.0435 0 2
20.642 -1.7265 -1.0856 0 2
6.5809 -29.047 -0.51986 0 2
7.6981 -26.747 -0.48583 0 2
9.4457 -23.393 -0.44035 0 2
11.004 -20.505 -0.4062 0 2
12.138 -18.229 -0.38228 0 2
13.693 -15.239 -0.35761 0 2
17.832 -7.2614 -0.33608 0 2
19.173 -4.7428 -0.34476 0 2
20.679 -1.7308 -0.36222 0 2
22.166 1.0745 -0.38737 0 2
8.7779 -24.746 0.45832 0 2
10.483 -21.47 0.41704 0 2
11.881 -18.779 0.38788 0 2
13.533 -15.59 0.36034 0 2
16.986 -8.9253 0.33494 0 2
18.369 -6.2774 0.33884 0 2
19.888 -3.3302 0.35198 0 2
21.554 -0.1109 0.37624 0 2
7.1672 -27.854 0.50203 0 2
8.8246 -24.756 1.3774 0 2
10.371 -21.779 1.2642 0 2
11.905 -18.802 1.1663 0 2
13.56 -15.613 1.0838 0 2
15.318 -12.249 1.0279 0 2
17.006 -9.0118 1.0086 0 2
18.401 -6.2986 1.0193 0 2
20.054 -3.1064 1.0635 0 2
21.782 0.24792 1.1417 0 2
11.488 -19.671 1.993 0 2
13.086 -16.677 1.8546 0 2
14.488 -13.927 1.7582 0 2
15.884 -11.245 1.7027 0 2
16.994 -8.9791 1.6816 0 2
18.766 -5.7428 1.7171 0 2
20.466 -2.4006 1.8028 0 2
22.008 0.48073 1.926 0 2
8.5198 -25.566 2.3577 0 2
9.9288 -22.795 2.1753 0 2
11.514 -19.79 2.0031 0 2
15.377 -12.284 2.4165 0 2
16.494 -9.993 2.3679 0 2
18.249 -6.7346 2.3884 0 2
19.797 -3.7419 2.4738 0 2
10.579 -21.682 2.9622 0 2
12.266 -18.248 2.6998 0 2
13.83 -15.261 2.5288 0 2
21.129 -1.1888 2.5985 0 2
7.4908 -27.478 3.497 0 2
8.8893 -24.819 3.237 0 2
12.434 -17.938 3.4569 0 2
14.115 -14.717 3.2298 0 2
15.512 -12.021 3.1083 0 2
17.025 -9.084 3.0564 0 2
18.762 -5.7654 3.1088 0 2
20.486 -2.4208 3.2672 0 2
22.01 0.47959 3.4869 0 2
10.431 -21.844 3.834 0 2
12.074 -18.662 3.5205 0 2
15.232 -12.751 3.8614 0 2
16.941 -9.3528 3.7615 0 2
18.473 -6.4206 3.8015 0 2
19.871 -3.7771 3.9317 0 2
11.785 -19.276 4.3917 0 2
13.156 -16.724 4.1362 0 2
16.433 -10.388 4.4884 0 2
17.819 -7.7608 4.4873 0 2
21.18 -1.2594 4.1243 0 2
13.996 -14.994 4.7354 0 2
15.788 -11.755 4.5445 0 2
17.552 -8.5154 4.504 0 2
18.879 -5.8006 4.5598 0 2
20.189 -3.2749 4.722 0 2
21.614 -0.48074 4.9913 0 2
17.791 -7.7606 5.201 0 2
19.358 -4.7687 5.3422 0 2
21.793 -0.23492 5.0316 0 2
21.206 -1.2285 5.6918 0 2
13.752 13.32 -0.33419 1 2
11.509 14.505 -0.3232 1 2
7.6648 16.504 -0.31762 1 2
13.47 13.486 0.33271 1 2
10.769 14.888 0.32074 1 2
9.5049 15.502 0.3174 1 2
6.524 17.014 0.31806 1 2
10.381 14.942 0.95351 1 2
8.2195 16.176 0.95095 1 2
17.078 11.547 1.0804 1 2
18.269 10.859 1.8594 1 2
16.073 12.014 1.7556 1 2
11.403 14.455 1.6108 1 2
8.7706 15.837 1.5839 1 2
6.5742 17.012 1.5956 1 2
14.73 12.639 2.3832 1 2
11.739 14.217 2.2639 1 2
9.1555 15.568 2.2177 1 2
18.246 10.79 2.6028 1 2
12.725 13.633 2.9538 1 2
9.7629 15.186 2.8595 1 2
7.1216 16.568 2.8563 1 2
16.27 11.768 3.1803 1 2
9.6948 15.168 3.4992 1 2
17.154 11.241 3.9866 1 2
12.923 13.484 3.6304 1 2
10.725 14.636 3.5271 1 2
27.432 5.8312 4.4418 1 2
19.223 10.149 4.2254 1 2
14.218 12.737 4.4071 1 2
11.653 14.102 4.2235 1 2
9.0099 15.505 4.1401 1 2
28.288 5.3659 4.5603 1 2
22.738 8.2782 4.7037 1 2
17.756 10.856 4.8049 1 2
15.577 12.018 4.5422 1 2
10.198 14.779 4.8116 1 2
7.6638 16.105 4.7792 1 2
25.166 6.9684 5.0759 1 2
20.748 9.2483 5.2446 1 2
15.468 11.983 5.2428 1 2
13.524 13.013 5.0288 1 2
24.272 7.3621 5.8558 1 2
19.764 9.6874 5.8978 1 2
27.243 5.7681 6.429 1 2
22.705 8.1057 6.46 1 2
24.185 7.3261 6.7713 1 2
-3.7614 -24.332 -3.0232 2 2
-6.7516 -22.782 -2.9176 2 2
-10.708 -20.605 -2.8513 2 2
-3.2498 -24.68 -2.1779 2 2
-5.7953 -23.352 -2.1051 2 2
-8.4227 -21.985 -2.0597 2 2
-12.3 -19.984 -2.0531 2 2
-3.2448 -24.776 -1.3096 2 2
-5.8338 -23.421 -1.2649 2 2
-10.221 -21.13 -1.2302 2 2
-12.762 -19.785 -1.2339 2 2
-20.279 -15.855 -1.3491 2 2
3.2467 -28.224 -0.4959 2 2
0.70354 -26.898 -0.46968 2 2
-1.989 -25.494 -0.44636 2 2
-6.6214 -23.078 -0.41907 2 2
-9.264 -21.686 -0.41163 2 2
-11.775 -20.366 -0.41064 2 2
-14.423 -18.992 -0.41627 2 2
2.2519 -27.779 0.48648 2 2
-0.33702 -26.427 0.46132 2 2
-4.7217 -24.13 0.42919 2 2
-7.2535 -22.802 0.41768 2 2
-9.8787 -21.424 0.4118 2 2
-14.248 -19.151 0.41666 2 2
5.2498 -29.337 0.52021 2 2
1.4481 -27.519 1.4442 2 2
-1.2304 -26.108 1.3698 2 2
-3.7687 -24.774 1.3133 2 2
-6.2815 -23.383 1.2689 2 2
-8.9301 -21.987 1.2437 2 2
-13.604 -19.551 1.2483 2 2
-19.593 -16.475 1.3416 2 2
4.1105 -28.893 1.5295 2 2
-5.2662 -24.207 3.9238 2 2
-7.7794 -22.864 3.8252 2 2
-11.185 -21.098 3.7822 2 2
-13.723 -19.76 3.8105 2 2
-25.444 0.39005 -0.44419 0 3
-23.664 3.2252 -0.41689 0 3
-19.303 10.82 -0.38626 0 3
-25.393 0.34127 0.44328 0 3
-23.718 3.2398 0.41785 0 3
-19.292 10.991 0.38756 0 3
-17.652 13.653 0.38954 0 3
-15.947 16.446 0.39987 0 3
-14.344 19.292 0.41963 0 3
-24.808 1.2579 1.3019 0 3
-23.121 4.2131 1.2317 0 3
-19.092 11.184 1.1596 0 3
-17.508 14.009 1.1751 0 3
-15.852 16.797 1.2104 0 3
-13.984 19.963 1.2774 0 3
-18.581 12.121 1.9409 0 3
-16.904 14.899 1.9714 0 3
-25.526 0.11152 2.2333 0 3
-23.71 3.2056 2.0933 0 3
-16.41 15.997 2.0049 0 3
-14.453 19.298 2.1093 0 3
-23.098 4.194 2.8826 0 3
-21.457 6.9036 2.7676 0 3
-19.803 9.7579 2.7108 0 3
-17.955 12.893 2.7141 0 3
-16.396 15.736 2.7903 0 3
-14.401 19.271 2.9539 0 3
-25.107 0.60599 3.0836 0 3
-19.562 10.063 3.4842 0 3
-17.936 12.847 3.4944 0 3
-23.939 2.4387 3.8112 0 3
-22.103 5.656 3.6136 0 3
-20.321 8.7469 3.5041 0 3
-16.597 15.198 3.5644 0 3
-14.989 17.926 3.701 0 3
-13.39 20.77 3.914 0 3
-22.613 4.7914 4.4932 0 3
-20.996 7.4971 4.3336 0 3
-19.542 10.101 4.2761 0 3
-18.101 12.695 4.2976 0 3
-16.509 15.521 4.4045 0 3
-25.42 -0.17169 4.9413 0 3
-23.948 2.3958 4.6783 0 3
-15.175 17.729 4.5363 0 3
-26.105 -1.3328 5.081 0 3
-22.523 5.0428 5.3286 0 3
-20.658 8.1209 5.1245 0 3
-18.974 10.958 5.0585 0 3
-25.607 -0.38166 5.9126 0 3
-23.779 2.6928 5.5251 0 3
-19.987 8.9785 5.8712 0 3
-18.388 11.815 5.8566 0 3
-16.699 14.749 5.9699 0 3
-23.829 2.3129 6.4151 0 3
-21.994 5.4889 6.0741 0 3
-16.018 16.091 6.0836 0 3
-14.357 18.779 6.334 0 3
-19.603 -13.051 -2.0604 1 3
-12.497 -17.297 -1.8669 1 3
-16.213 -15.125 -1.9399 1 3
-12.118 -17.564 -1.1183 1 3
-13.971 -16.483 -1.1324 1 3
-17.417 -14.472 -1.1868 1 3
-21.253 -12.222 -1.2849 1 3
-14.018 -16.51 -0.37804 1 3
-15.803 -15.403 -0.38519 1 3
-19.717 -13.167 -0.41386 1 3
-11.522 -18.013 0.37325 1 3
-14.729 -16.14 0.38141 1 3
-16.847 -14.898 0.39256 1 3
-20.725 -12.634 0.42369 1 3
-11.556 -18.053 1.1233 1 3
-13.435 -16.936 1.133 1 3
-17.248 -14.718 1.1883 1 3
-21.03 -12.518 1.2826 1 3
-22.889 -11.443 1.3411 1 3
-13.741 -16.822 1.9004 1 3
-15.99 -15.493 1.9479 1 3
-18.78 -13.87 2.0426 1 3
-22.708 -11.608 2.2313 1 3
-11.254 -18.321 2.6401 1 3
-15.11 -16.058 2.7073 1 3
-16.924 -14.984 2.7755 1 3
-20.699 -12.802 2.9884 1 3
-12.837 -17.424 3.4278 1 3
-21.344 -12.431 3.0328 1 3
-25.527 -10.013 3.3668 1 3
-15.385 -15.939 3.5087 1 3
-19.573 -13.515 3.7673 1 3
-21.437 -12.436 3.9253 1 3
-29.539 -7.6945 3.748 1 3
-11.086 -18.555 4.2015 1 3
-14.532 -16.519 4.2766 1 3
-16.383 -15.426 4.3741 1 3
-23.281 -11.375 4.1041 1 3
-26.701 -9.4089 4.4839 1 3
-20.58 -13.019 4.7336 1 3
-27.217 -9.1148 4.5461 1 3
-29.321 -7.8956 4.8095 1 3
-15.208 -16.158 5.1229 1 3
-23.112 -11.559 5.023 1 3
-26.564 -9.5776 5.4889 1 3
-32.724 -5.9291 5.2673 1 3
-29.654 -7.8048 5.9606 1 3
11.104 17.072 -0.35548 2 3
7.9023 19.015 -0.35944 2 3
7.8446 18.953 0.35805 2 3
5.7502 20.215 0.36687 2 3
2.3912 22.129 0.38851 2 3
7.8408 18.927 1.0737 2 3
6.0789 20.019 1.0965 2 3
1.8413 22.427 1.1793 2 3
-0.25569 23.661 1.2401 2 3
-2.4955 25.001 1.3168 2 3
8.4949 18.495 1.7807 2 3
6.2736 19.864 1.8225 2 3
4.1163 21.072 1.8784 2 3
10.979 16.989 2.4836 2 3
9.1183 18.076 2.4859 2 3
-0.29528 23.624 2.0671 2 3
-3.7145 25.613 2.2643 2 3
6.2507 19.75 2.5437 2 3
4.0784 21.019 2.629 2 3
-0.11164 23.442 2.8784 2 3
8.1547 18.582 3.214 2 3
4.2803 20.825 3.3674 2 3
-2.2497 24.682 3.0431 2 3
10.616 17.115 3.9149 2 3
-0.15038 23.385 3.7039 2 3
-2.2649 24.605 3.9136 2 3
-4.847 26.094 4.2036 2 3
6.2035 19.651 4.7576 2 3
