  -234399.083771
  2369999.839147
  -872512.269843
 20947429.875290
-63395316.944810
-34003640.705919
-19939191.080761
 -2998290.559152
-14278414.625261
  -145128.250526
  2996955.218946
  -360275.100467
  2388939.539619
   -36202.461398
  1044651.615682
   929553.341252
  1143087.253249
    -4496.389257
   407612.508792
 -1077635.256988
  6051667.088088
  5601797.930168
 54679094.833194
 -8474615.173882
     8204.681512
  -326888.954422
  1517706.785057
 14929498.270551
 -6232210.472119
  4529405.767760
  -220846.182548
  1107043.667691
 -5726414.570366
-57072778.932662
-28248725.221433
 -6716465.631703
  -189374.065792
   829340.552041
 -4318177.805845
-62353045.232951
-29072127.108340
 -1480019.497924
     -309.067796
       -5.847741
       -2.138132