 0.000 -0.000  0.000 -0.000 -0.000  0.000  0.000 -0.000 -0.000 -0.000  0.000 -0.000 -0.000 -0.000 -0.000  0.000  0.000 -0.000  0.000 -0.000 -0.000  0.000 -0.000 -0.000  0.000  0.000  0.000 -0.000  0.000 -0.000 -0.000  0.000  0.000  0.000 -0.000  0.000
-0.000  0.000  0.000  0.000 -0.000 -0.000  0.000  0.000 -0.000 -0.000  0.000  0.000 -0.000 -0.000 -0.000  0.000 -0.000 -0.000  0.000 -0.000 -0.000  0.000  0.000  0.000  0.000  0.000  0.000 -0.000 -0.000 -0.000 -0.000  0.000  0.000  0.000  0.000  0.000
 0.000  0.000  0.000 -0.000  0.000  0.000 -0.000  0.000  0.000  0.000 -0.000  0.000  0.000  0.000 -0.000 -0.000  0.000  0.000 -0.000  0.000 -0.000 -0.000 -0.000 -0.000  0.000 -0.000 -0.000  0.000  0.000  0.000  0.000 -0.000  0.000 -0.000 -0.000 -0.000
-0.000  0.000 -0.000  0.000  0.000 -0.000 -0.000  0.000  0.000  0.000 -0.000  0.000  0.000  0.000 -0.000 -0.000 -0.000  0.000 -0.000 -0.000 -0.000 -0.000  0.000 -0.000 -0.000 -0.000 -0.000  0.000 -0.000  0.000  0.000  0.000  0.000 -0.000  0.000 -0.000
-0.000 -0.000  0.000  0.000  0.000  0.000  0.000  0.000  0.000 -0.000  0.000  0.000  0.000 -0.000 -0.000  0.000 -0.000 -0.000 -0.000 -0.000 -0.000  0.000  0.000 -0.000  0.000  0.000  0.000  0.000 -0.000  0.000 -0.000  0.000  0.000 -0.000  0.000 -0.000
 0.000 -0.000  0.000 -0.000  0.000  0.000 -0.000 -0.000  0.000  0.000 -0.000 -0.000  0.000  0.000  0.000 -0.000  0.000  0.000  0.000  0.000  0.000 -0.000 -0.000 -0.000  0.000  0.000  0.000  0.000 -0.000 -0.000 -0.000 -0.000 -0.000 -0.000  0.000 -0.000
 0.000  0.000 -0.000 -0.000  0.000 -0.000  0.002 -0.000  0.000 -0.004  0.002 -0.000  0.000 -0.011 -0.000  0.002  0.000 -0.007  0.000  0.000  0.000  0.000  0.000 -0.000 -0.000 -0.000 -0.000 -0.000  0.000  0.000  0.000 -0.000 -0.000  0.000 -0.000 -0.000
-0.000  0.000  0.000  0.000  0.000 -0.000 -0.000  0.000  0.000  0.000 -0.000  0.000  0.000  0.000 -0.000 -0.000 -0.000  0.000 -0.000 -0.000 -0.000 -0.000  0.000  0.000 -0.000  0.000 -0.000  0.000 -0.000  0.000  0.000  0.000  0.000 -0.000  0.000 -0.000
-0.000 -0.000  0.000  0.000  0.000  0.000  0.000  0.000  0.000 -0.000  0.000  0.000  0.000 -0.000 -0.000  0.000 -0.000 -0.000 -0.000 -0.000 -0.000  0.000  0.000 -0.000  0.000  0.000  0.000  0.000 -0.000  0.000 -0.000  0.000  0.000 -0.000  0.000 -0.000
-0.000 -0.000  0.000  0.000 -0.000  0.000 -0.004  0.000 -0.000  0.007 -0.004  0.000 -0.000  0.022  0.000 -0.004 -0.000  0.015 -0.000 -0.000 -0.000 -0.000 -0.000  0.000  0.000  0.000  0.000  0.000 -0.000 -0.000 -0.000  0.000  0.000 -0.000  0.000  0.000
 0.000  0.000 -0.000 -0.000  0.000 -0.000  0.002 -0.000  0.000 -0.004  0.002 -0.000  0.000 -0.011 -0.000  0.002  0.000 -0.007  0.000  0.000  0.000  0.000  0.000 -0.000 -0.000 -0.000 -0.000 -0.000  0.000  0.000  0.000 -0.000 -0.000  0.000 -0.000 -0.000
-0.000  0.000  0.000  0.000  0.000 -0.000 -0.000  0.000  0.000  0.000 -0.000  0.000  0.000  0.000 -0.000 -0.000 -0.000  0.000 -0.000 -0.000 -0.000 -0.000  0.000 -0.000 -0.000  0.000 -0.000  0.000 -0.000  0.000  0.000  0.000  0.000 -0.000  0.000 -0.000
-0.000 -0.000  0.000  0.000  0.000  0.000  0.000  0.000  0.000 -0.000  0.000  0.000  0.000 -0.000 -0.000  0.000 -0.000 -0.000 -0.000 -0.000 -0.000  0.000  0.000 -0.000  0.000  0.000  0.000  0.000 -0.000  0.000 -0.000  0.000  0.000 -0.000  0.000 -0.000
-0.000 -0.000  0.000  0.000 -0.000  0.000 -0.011  0.000 -0.000  0.022 -0.011  0.000 -0.000  0.067  0.000 -0.011 -0.000  0.045 -0.000 -0.000 -0.000 -0.000 -0.000  0.000  0.000  0.000  0.000  0.000 -0.000 -0.000 -0.000  0.000  0.000 -0.000  0.000  0.000
-0.000 -0.000 -0.000 -0.000 -0.000  0.000 -0.000 -0.000 -0.000  0.000 -0.000 -0.000 -0.000  0.000  0.000 -0.000  0.000  0.000  0.000  0.000  0.000 -0.000 -0.000  0.000 -0.000 -0.000 -0.000 -0.000  0.000 -0.000 -0.000 -0.000 -0.000  0.000 -0.000  0.000
 0.000  0.000 -0.000 -0.000  0.000 -0.000  0.002 -0.000  0.000 -0.004  0.002 -0.000  0.000 -0.011 -0.000  0.002  0.000 -0.007  0.000  0.000  0.000  0.000  0.000 -0.000 -0.000 -0.000 -0.000 -0.000  0.000  0.000  0.000 -0.000 -0.000  0.000 -0.000 -0.000
 0.000 -0.000  0.000 -0.000 -0.000  0.000  0.000 -0.000 -0.000 -0.000  0.000 -0.000 -0.000 -0.000  0.000  0.000  0.000 -0.000  0.000  0.000  0.000  0.000 -0.000  0.000  0.000  0.000  0.000 -0.000  0.000 -0.000 -0.000 -0.000 -0.000  0.000 -0.000  0.000
-0.000 -0.000  0.000  0.000 -0.000  0.000 -0.007  0.000 -0.000  0.015 -0.007  0.000 -0.000  0.045  0.000 -0.007 -0.000  0.030 -0.000 -0.000 -0.000 -0.000 -0.000  0.000  0.000  0.000  0.000  0.000 -0.000 -0.000 -0.000  0.000  0.000 -0.000  0.000  0.000
 0.000  0.000 -0.000 -0.000 -0.000  0.000  0.000 -0.000 -0.000 -0.000  0.000 -0.000 -0.000 -0.000  0.000  0.000  0.000 -0.000  0.000  0.000 -0.000  0.000  0.000  0.000  0.000 -0.000  0.000 -0.000  0.000 -0.000  0.000 -0.000  0.000  0.000 -0.000  0.000
-0.000 -0.000  0.000 -0.000 -0.000  0.000  0.000 -0.000 -0.000 -0.000  0.000 -0.000 -0.000 -0.000  0.000  0.000  0.000 -0.000  0.000  0.000 -0.000  0.000  0.000  0.000 -0.000  0.000  0.000 -0.000  0.000 -0.000 -0.000  0.000  0.000  0.000 -0.000  0.000
-0.000 -0.000 -0.000 -0.000 -0.000  0.000  0.000 -0.000 -0.000 -0.000  0.000 -0.000 -0.000 -0.000  0.000  0.000  0.000 -0.000 -0.000 -0.000  0.000  0.000  0.000  0.000  0.000  0.000  0.000 -0.000  0.000 -0.000  0.000  0.000  0.000  0.000 -0.000  0.000
 0.000  0.000 -0.000 -0.000  0.000 -0.000  0.000 -0.000  0.000 -0.000  0.000 -0.000  0.000 -0.000 -0.000  0.000  0.000 -0.000  0.000  0.000  0.000  0.000  0.000 -0.000 -0.000 -0.000 -0.000  0.000  0.000  0.000  0.000 -0.000 -0.000  0.000 -0.000 -0.000
-0.000  0.000 -0.000  0.000  0.000 -0.000  0.000  0.000  0.000 -0.000  0.000  0.000  0.000 -0.000 -0.000  0.000 -0.000 -0.000  0.000  0.000  0.000  0.000  0.000 -0.000 -0.000 -0.000 -0.000 -0.000  0.000  0.000  0.000  0.000  0.000  0.000  0.000 -0.000
-0.000  0.000 -0.000 -0.000 -0.000 -0.000 -0.000  0.000 -0.000  0.000 -0.000 -0.000 -0.000  0.000  0.000 -0.000  0.000  0.000  0.000  0.000  0.000 -0.000 -0.000  0.000 -0.000 -0.000 -0.000 -0.000  0.000  0.000  0.000 -0.000 -0.000  0.000 -0.000  0.000
 0.000  0.000  0.000 -0.000  0.000  0.000 -0.000 -0.000  0.000  0.000 -0.000 -0.000  0.000  0.000 -0.000 -0.000  0.000  0.000  0.000 -0.000  0.000 -0.000 -0.000 -0.000  0.000  0.000 -0.000  0.000 -0.000  0.000 -0.000 -0.000 -0.000 -0.000  0.000 -0.000
 0.000  0.000 -0.000 -0.000  0.000  0.000 -0.000  0.000  0.000  0.000 -0.000  0.000  0.000  0.000 -0.000 -0.000  0.000  0.000 -0.000  0.000  0.000 -0.000 -0.000 -0.000  0.000  0.000 -0.000  0.000  0.000  0.000  0.000 -0.000  0.000 -0.000 -0.000 -0.000
 0.000  0.000 -0.000 -0.000  0.000  0.000 -0.000 -0.000  0.000  0.000 -0.000 -0.000  0.000  0.000 -0.000 -0.000  0.000  0.000  0.000  0.000  0.000 -0.000 -0.000 -0.000 -0.000 -0.000  0.000  0.000  0.000  0.000 -0.000 -0.000 -0.000 -0.000 -0.000 -0.000
-0.000 -0.000  0.000  0.000  0.000  0.000 -0.000  0.000  0.000  0.000 -0.000  0.000  0.000  0.000 -0.000 -0.000 -0.000  0.000 -0.000 -0.000 -0.000  0.000 -0.000 -0.000  0.000  0.000  0.000  0.000 -0.000 -0.000 -0.000  0.000  0.000  0.000  0.000  0.000
 0.000 -0.000  0.000 -0.000 -0.000 -0.000  0.000 -0.000 -0.000 -0.000  0.000 -0.000 -0.000 -0.000  0.000  0.000  0.000 -0.000  0.000  0.000  0.000  0.000  0.000  0.000 -0.000  0.000  0.000 -0.000  0.000  0.000 -0.000 -0.000 -0.000  0.000  0.000 -0.000
-0.000 -0.000  0.000  0.000  0.000 -0.000  0.000  0.000  0.000 -0.000  0.000  0.000  0.000 -0.000 -0.000  0.000 -0.000 -0.000 -0.000 -0.000 -0.000  0.000  0.000  0.000  0.000  0.000  0.000 -0.000  0.000  0.000 -0.000  0.000  0.000  0.000 -0.000  0.000
-0.000 -0.000  0.000  0.000 -0.000 -0.000  0.000  0.000 -0.000 -0.000  0.000  0.000 -0.000 -0.000 -0.000  0.000 -0.000 -0.000  0.000 -0.000  0.000  0.000  0.000  0.000 -0.000  0.000 -0.000 -0.000 -0.000 -0.000  0.000  0.000 -0.000  0.000  0.000  0.000
 0.000  0.000 -0.000  0.000  0.000 -0.000 -0.000  0.000  0.000  0.000 -0.000  0.000  0.000  0.000 -0.000 -0.000 -0.000  0.000 -0.000  0.000  0.000 -0.000  0.000 -0.000 -0.000 -0.000 -0.000  0.000 -0.000  0.000  0.000  0.000 -0.000 -0.000  0.000 -0.000
 0.000  0.000  0.000  0.000  0.000 -0.000 -0.000  0.000  0.000  0.000 -0.000  0.000  0.000  0.000 -0.000 -0.000 -0.000  0.000  0.000  0.000  0.000 -0.000  0.000 -0.000 -0.000  0.000 -0.000  0.000 -0.000  0.000 -0.000 -0.000  0.000 -0.000  0.000 -0.000
 0.000  0.000 -0.000 -0.000 -0.000 -0.000  0.000 -0.000 -0.000 -0.000  0.000 -0.000 -0.000 -0.000  0.000  0.000  0.000 -0.000  0.000  0.000  0.000  0.000  0.000  0.000 -0.000 -0.000 -0.000  0.000  0.000  0.000  0.000 -0.000 -0.000  0.000 -0.000 -0.000
-0.000  0.000 -0.000  0.000  0.000  0.000 -0.000  0.000  0.000  0.000 -0.000  0.000  0.000  0.000 -0.000 -0.000 -0.000  0.000 -0.000 -0.000 -0.000 -0.000  0.000 -0.000  0.000 -0.000 -0.000  0.000  0.000 -0.000  0.000  0.000  0.000 -0.000  0.000  0.000
 0.000  0.000 -0.000 -0.000 -0.000 -0.000 -0.000 -0.000 -0.000  0.000 -0.000 -0.000 -0.000  0.000  0.000 -0.000  0.000  0.000  0.000  0.000  0.000 -0.000 -0.000  0.000 -0.000 -0.000 -0.000  0.000 -0.000  0.000  0.000 -0.000 -0.000 -0.000  0.000  0.000