 -40.522
 -10.940
 -26.699
  -6.376
   7.089
   1.407
  21.482
   2.585
   1.793
  -8.397
   3.896
   1.551
   9.289
  14.503
  13.245
  13.624
   6.937
   0.229
   9.751
  -6.148
  11.661
  -3.911
 -22.180
  -0.152
-549.681
-547.452
-555.886
-552.941
-561.808
-559.611
-565.371
-571.550
-568.892
-577.919
-574.781
-584.366
-581.590
-587.757
-594.160
-591.947
-544.477
-550.481
-547.954
-556.979
-554.182
-562.832
-560.559
-566.137
-563.487
-572.198
-570.110
-577.352
-574.633
-583.270
-580.453
-589.330
-586.549
-592.593
-589.738
-599.474
-596.701
-605.373
-602.987
-609.078
-614.810
-612.571
-621.188
-618.400
-627.277
-624.764
-630.854
-636.748
-634.579
-644.235
-641.343
-647.364
-543.650
-542.808
-549.834
-546.883
-555.940
-553.423
-562.629
-559.618
-565.803
-562.943
-571.767
-568.973
-578.022
-575.631
-584.537
-581.673
-587.760
-584.893
-593.772
-590.993
-599.789
-597.498
-606.416
-603.752
-609.230
-606.827
-615.588
-613.345
-621.768
-619.345
-628.183
-625.287
-632.794
-630.193
-628.647
-635.580
-636.156
-641.815
-639.052
-647.965
-645.545
-654.897
-651.985
-657.811
-655.219
-661.016
-543.193
-541.851
-549.029
-546.800
-555.600
-552.667
-562.185
-559.474
-565.212
-571.366
-568.655
-577.641
-575.162
-584.146
-581.480
-587.159
-593.338
-590.614
-599.633
-597.152
-606.086
-603.287
-608.921
-606.652
-615.213
-612.446
-621.361
-618.745
-627.856
-625.116
-631.259
-636.641
-634.430
-643.233
-640.815
-649.740
-647.119
-652.674
-658.777
-656.276
-662.287
-534.969
-539.543
-536.899
-543.006
-548.367
-545.945
-555.188
-552.499
-561.280
-559.075
-565.028
-570.895
-568.497
-577.066
-574.338
-583.410
-580.922
-586.872
-592.804
-590.441
-599.491
-596.967
-605.377
-603.147
-608.983
-606.748
-614.817
-612.319
-621.400
-618.667
-627.221
-624.584
-630.768
-628.560
-636.401
-634.214
-642.886
-641.186
-648.832
-647.467
-653.115
-651.109
-658.790
-657.015
-662.203
-516.619
-514.566
-523.111
-520.290
-526.226
-523.581
-532.421
-530.440
-538.505
-536.135
-545.006
-541.920
-548.198
-545.364
-554.358
-551.619
-560.514
-558.139
-566.989
-564.395
-570.469
-567.520
-576.287
-574.030
-582.454
-579.915
-588.956
-586.355
-592.286
-589.489
-598.646
-596.139
-604.893
-602.348
-610.813
-608.238
-614.535
-612.118
-620.198
-617.861
-626.188
-624.088
-632.566
-630.118
-636.175
-633.192
-642.052
-640.461
-648.343
-646.501
-651.774
-651.142
-495.987
-496.334
-501.086
-498.699
-497.320
-504.373
-501.621
-510.442
-508.109
-513.393
-521.856
-521.622
-525.559
-531.493
-529.224
-538.070
-534.982
-543.899
-541.709
-547.502
-553.581
-551.081
-560.077
-557.091
-566.482
-563.739
-569.435
-575.278
-573.092
-581.925
-578.815
-588.268
-585.625
-591.431
-597.594
-594.856
-603.909
-600.997
-610.238
-607.503
-612.900
-619.201
-616.937
-625.706
-622.711
-631.149
-629.504
-635.069
-640.883
-638.737
-643.902
-654.615
-657.891
-656.607
-661.694
-412.008
-410.557
-414.082
-482.611
-487.379
-484.530
-493.484
-491.034
-500.058
-497.601
-503.494
-509.391
-506.649
-516.094
-513.168
-519.676
-527.674
-531.241
-529.231
-537.984
-535.255
-543.795
-541.310
-547.365
-553.375
-550.959
-559.844
-557.484
-565.800
-563.544
-569.657
-567.186
-575.437
-572.954
-581.896
-579.171
-587.729
-585.593
-591.585
-589.151
-597.657
-595.807
-604.212
-602.268
-609.694
-607.144
-613.396
-610.964
-619.291
-616.768
-625.334
-623.438
-631.443
-629.757
-634.887
-647.444
-644.805
-653.335
-651.128
-656.808
-660.132
-374.199
-372.111
-377.581
-374.730
-383.538
-381.422
-390.228
-387.967
-393.522
-399.917
-397.835
-406.448
-403.690
-408.383
-433.853
-439.880
-436.870
-442.849
-440.162
-448.955
-446.882
-455.736
-453.409
-483.631
-487.073
-485.130
-492.823
-490.906
-499.755
-497.285
-503.295
-509.308
-506.924
-515.618
-513.264
-521.666
-519.331
-525.754
-531.891
-529.146
-537.177
-534.671
-543.483
-540.590
-549.419
-546.574
-552.864
-549.927
-559.258
-556.528
-565.853
-563.531
-569.119
-575.093
-572.679
-581.064
-578.486
-587.661
-585.302
-591.657
-589.039
-597.651
-595.754
-603.744
-600.673
-608.875
-606.781
-615.018
-612.858
-618.852
-616.973
-625.101
-623.126
-630.695
-628.599
-637.380
-641.082
-639.658
-647.339
-645.424
-653.542
-651.441
-657.074
-655.127
-660.335
-399.206
-404.569
-402.025
-411.193
-408.621
-417.786
-414.910
-420.555
-418.076
-426.799
-424.294
-432.825
-430.947
-450.674
-455.327
-453.134
-461.662
-458.933
-464.902
-462.237
-470.704
-468.647
-477.620
-475.497
-483.370
-481.238
-484.324
-493.666
-499.308
-496.872
-505.427
-502.828
-508.898
-506.881
-515.298
-512.838
-521.063
-518.965
-524.898
-531.139
-529.047
-537.408
-534.386
-542.358
-539.203
-548.171
-546.196
-551.801
-558.081
-555.534
-564.358
-561.331
-570.841
-567.856
-573.767
-579.754
-577.431
-586.346
-583.615
-592.210
-590.087
-596.117
-593.581
-601.262
-598.994
-608.146
-605.473
-614.137
-612.018
-617.137
-623.280
-621.171
-631.191
-629.437
-634.937
-640.620
-639.074
-647.098
-644.669
-653.546
-650.990
-656.109
-366.929
-364.916
-372.787
-370.519
-376.514
-382.562
-380.031
-388.850
-385.985
-395.439
-392.577
-396.748
-422.099
-426.679
-424.804
-433.029
-431.113
-439.575
-436.972
-442.966
-440.519
-449.003
-446.545
-451.302
-465.365
-469.811
-467.616
-476.934
-475.209
-483.405
-481.022
-486.751
-484.123
-492.138
-490.152
-499.150
-504.282
-501.729
-507.579
-513.416
-511.349
-520.052
-517.205
-526.135
-523.823
-529.523
-535.348
-533.342
-625.558
-629.567
-626.840
-635.907
-633.571
-639.829
-644.748
-642.681
-651.401
-648.790
-655.349
-363.944
-394.407
-393.329
-398.394
-404.392
-401.903
-410.259
-408.629
-417.274
-414.815
-419.768
-418.090
-442.205
-447.984
-446.326
-454.799
-452.240
-461.019
-458.753
-463.011
-462.134
-471.471
-475.533
-472.974
-482.090
-478.971
-488.033
-485.771
-491.623
-488.402
-497.544
-494.948
-499.664
-378.415
-376.373
-381.660
-379.765
-388.743
-386.197
-391.176
-448.595
-452.784
-450.196
-459.319
-457.044
-465.914
-462.800
-468.937
-466.298
-471.882
-437.540
-443.301
-440.745
-446.021
  81.440
  81.971
  82.503
  83.234
  83.754
  84.561
  85.147
  85.759
  86.489
  87.084
  87.858
  88.505
  89.203
  89.675
  90.404
  91.187
  91.645
  92.568
  93.096
  93.860
  94.374
  95.087
  95.790
  96.306
  97.047
  97.601
  98.313
  98.869
  99.695
 100.405
 100.759
  82.218
  82.789
  83.563
  84.099
  84.900
  85.474
  86.124
  86.881
  87.358
  88.183
  88.773
  89.532
  90.014
  90.767
  91.425
  91.925
  92.840
  93.449
  94.151
  94.679
  95.440
  96.289
  96.826
  97.628
  98.174
  98.957
  99.571
 100.146
 100.962
 101.452
 102.242
 102.735
 103.507
 104.176
 104.109
 104.774
 105.468
 106.034
 106.876
 107.380
 108.124
 108.662
 109.389
 110.123
 110.663
 111.507
 111.594
  81.228
  81.904
  82.651
  83.201
  83.996
  84.607
  85.277
  85.932
  85.900
  86.549
  87.230
  87.826
  88.669
  89.247
  89.946
  90.763
  90.524
  91.162
  91.989
  92.490
  93.215
  93.747
  94.529
  95.137
  95.773
  96.485
  97.154
  97.876
  98.400
  99.209
  99.781
 100.408
 101.134
 101.708
 102.432
 103.094
 103.857
 104.336
 105.092
 105.855
 106.334
 107.098
 107.758
 108.429
 109.070
 109.803
 110.531
 111.082
 111.880
 112.471
 113.136
 113.765
 114.472
 115.123
 115.285
  82.815
  83.065
  83.714
  84.466
  84.951
  85.695
  86.346
  86.909
  87.700
  88.220
  89.008
  89.626
  90.222
  90.939
  91.579
  92.310
  92.822
  93.638
  94.234
  94.940
  95.569
  95.518
  96.192
  96.968
  97.474
  98.223
  98.859
  99.541
 100.221
 100.176
 100.899
 101.510
 102.140
 102.920
 103.437
 104.235
 104.900
 104.843
 105.516
 106.206
 106.855
 107.623
 108.132
 108.466
 115.762
 116.620
 117.052
 117.844
 118.454
 119.188
 119.818
 120.267
 120.953
 121.548
 122.582
 123.180
 123.910
 124.628
 125.233
 126.012
 126.581
 127.359
 128.051
 127.987
 128.669
 129.465
 129.986
 130.836
  82.311
  82.834
  87.618
  88.161
  88.681
  89.477
  90.041
  90.680
  91.375
  91.939
  92.748
  93.292
  94.091
  94.652
  95.307
  96.065
  96.550
  97.400
  97.937
  98.752
  99.226
  99.945
 100.728
 101.248
 101.977
 102.642
 103.412
 103.946
 104.466
 108.372
 108.925
 109.599
 109.528
 110.163
 110.905
 111.516
 112.362
 112.891
 113.583
 114.315
 114.242
 114.921
 115.623
 116.196
 117.052
 117.560
 118.386
 118.875
 119.650
 120.268
 120.365
 122.393
 123.082
 123.651
 124.309
 125.097
 125.661
 126.480
 126.857
  82.408
  82.719
  83.554
  84.111
  84.904
  85.509
  85.477
  86.128
  86.793
  87.384
  91.596
  91.905
  92.419
  93.193
  93.785
  94.508
  95.134
  95.722
  96.521
  97.040
  97.883
  98.438
  99.147
  99.775
 100.405
 101.174
 101.444
 104.863
 105.425
 105.906
 106.677
 107.331
 108.083
 108.656
 109.341
 110.045
 110.625
 111.453
 111.983
 112.780
 113.401
 114.146
 114.803
 115.390
 116.153
 116.737
 117.544
 118.155
 118.909
 119.567
 120.139
 120.710
 127.090
 127.863
 128.394
 129.123
 129.883
 130.253
 131.368
 131.630
  82.771
  83.323
  84.045
  84.652
  85.310
  86.056
  86.628
  87.269
  87.912
  88.637
  89.186
  89.884
  90.539
  91.097
  91.787
 101.257
 101.683
 102.489
 103.105
 103.789
 104.467
 104.431
 105.090
 105.807
 106.327
 107.219
 107.731
 108.513
 109.192
 109.154
 109.744
 110.521
 111.150
 112.031
 112.570
 113.289
 113.967
 113.932
 114.618
 115.394
 115.914
 116.683
 120.657
 120.794
 122.823
 122.853
 123.632
 124.327
 124.953
 125.742
 126.311
 127.165
 127.718
 128.441
 129.113
 129.724
 130.631
 130.923
  83.310
  83.803
  84.467
  85.133
  85.098
  85.735
  86.390
  87.005
  87.744
  88.260
  89.049
  89.623
  90.255
  90.952
  91.532
  92.215
  92.860
  93.587
  94.103
  94.844
  95.594
  96.070
  96.874
  97.404
  98.195
  98.796
  99.529
 100.263
 100.070
 100.757
 101.544
 102.084
 102.931
 103.445
 104.179
 104.852
 104.794
 105.468
 106.263
 106.817
 107.610
 108.212
 108.971
 109.611
 109.524
 110.149
 111.023
 111.590
 112.349
 113.003
 113.638
 117.024
 117.276
 118.075
 118.750
 118.717
 119.280
 120.114
 120.769
 121.563
 122.170
 122.878
 123.572
 123.538
 124.252
 124.936
 125.539
 126.159
  83.739
  84.252
  84.976
  85.559
  86.118
  86.957
  87.372
  88.123
  88.758
  89.506
  90.066
  90.028
  90.720
  91.435
  91.943
  92.844
  93.246
  93.989
  94.643
  94.592
  95.154
  95.935
  96.524
  97.338
  97.843
  98.630
  99.289
  99.236
  99.932
 100.650
 101.196
 102.009
 102.521
 103.345
 103.825
 104.629
 105.307
 105.915
 106.704
 107.337
 108.002
 108.576
 109.419
 110.056
 110.658
 111.487
 111.865
 114.128
 114.410
 114.325
 115.028
 115.853
 116.361
 117.229
 117.777
 118.544
 119.331
 119.757
 120.668
 121.184
 122.073
 122.565
 126.523
 126.998
 127.798
 128.407
 128.368
 129.057
 129.840
 130.389
 131.426
  83.271
  85.726
  86.159
  86.645
  87.444
  88.008
  88.662
  89.297
  89.270
  89.840
  90.579
  91.167
  91.949
  92.501
  93.201
  93.991
  93.795
  94.426
  95.130
  95.698
  96.500
  97.030
  97.837
  98.401
  99.040
  99.771
 100.316
 101.090
 101.751
 102.581
 102.994
 103.768
 104.525
 105.025
 105.840
 106.410
 107.258
 107.759
 108.499
 109.311
 109.806
 110.356
 112.096
 112.897
 113.560
 113.385
 114.124
 115.004
 115.474
 116.374
 116.910
 117.717
 118.419
 118.283
 118.993
 119.764
 122.677
 123.423
 124.111
 124.012
 124.687
 125.503
 126.101
 126.948
 127.528
 128.314
 129.070
 129.500
  84.233
  84.810
  84.775
  85.365
 110.249
 110.643
 111.283
 112.066
 112.575
 113.422
 114.155
 114.710
 115.496
 116.106
 116.906
 117.549
 117.840
 119.890
 120.358
 121.262
 121.768
 122.623
 123.314
 123.217
 123.937
 124.680
 125.232
 126.107
 129.960
 130.368
 131.028
 131.771
 118.369
 118.978
 119.575
 120.462
 121.049
 121.841
 122.545
 122.479
 123.125
 123.895
 126.457
 126.682
 127.514
 128.215
 128.137
 128.799
 129.680
 130.181
 131.096
 131.578
 132.148
 124.026
 124.571
 125.340
 125.990
 126.802
 127.483
 127.431
 128.119
 128.970
 129.220
 132.495
 129.582
 130.380
 131.028
 131.772
 132.466
 132.983
 101.543
 101.743
 101.842
 102.037
 102.310
 102.245
 102.459
 102.668
 102.796
 103.026
 103.197
 103.466
 103.602
 103.890
 104.225
 104.254
 104.619
 104.905
 104.862
 105.052
 105.220
 105.067
 105.290
 105.576
 105.708
 105.932
 106.079
 106.318
 106.441
 106.673
 106.913
 102.327
 102.302
 102.509
 102.689
 102.874
 103.121
 103.283
 103.527
 103.712
 103.938
 104.126
 104.321
 104.535
 104.708
 104.931
 105.115
 105.356
 105.632
 105.798
 105.954
 106.095
 106.340
 106.522
 106.733
 106.934
 106.905
 107.114
 107.363
 107.511
 107.720
 103.040
 103.063
 103.033
 103.249
 103.482
 103.629
 103.878
 104.061
 104.282
 104.474
 104.445
 104.647
 104.863
 105.038
 105.281
 105.463
 105.665
 105.874
 105.843
 106.051
 106.263
 106.440
 106.676
 106.820
 107.066
 107.244
 107.429
 107.654
 107.822
 108.067
 108.219
 108.407
 115.681
 115.740
 103.758
 103.811
 103.984
 104.218
 104.365
 104.611
 104.779
 104.972
 105.206
 105.372
 105.578
 105.762
 106.008
 106.166
 106.370
 106.606
 106.746
 106.964
 107.151
 107.399
 107.567
 107.763
 107.995
 108.121
 108.360
 108.537
 108.762
 108.911
 109.139
 109.337
 109.502
 109.747
 109.901
 110.123
 110.309
 110.416
 104.450
 104.562
 104.732
 104.953
 105.105
 105.331
 105.514
 105.690
 105.924
 106.082
 106.292
 106.487
 106.707
 106.887
 107.061
 107.310
 107.456
 107.684
 107.866
 108.075
 108.278
 108.454
 108.692
 108.829
 109.070
 109.241
 109.445
 109.655
 109.626
 109.827
 110.038
 110.218
 110.459
 110.601
 110.828
 111.005
 111.199
 111.436
 111.606
 111.826
 111.979
 112.226
 112.392
 112.584
 112.808
 112.964
 113.199
 113.367
 113.613
 113.771
 113.974
 114.201
 114.341
 114.573
 114.772
 114.988
 115.127
 115.366
 115.575
 115.734
 115.973
 116.067
 116.161
 116.359
 116.535
 116.757
 116.949
 117.068
 105.453
 105.844
 105.847
 106.078
 106.123
 106.489
 106.513
 106.840
 107.111
 106.858
 107.210
 107.511
 107.184
 107.518
 107.845
 107.913
 108.184
 108.513
 108.320
 108.569
 108.798
 108.838
 108.996
 109.172
 109.402
 109.551
 109.794
 109.961
 110.148
 110.372
 110.530
 110.752
 110.932
 111.173
 111.336
 111.540
 111.771
 111.905
 112.137
 112.336
 112.568
 112.702
 112.938
 113.142
 113.325
 113.548
 113.726
 113.954
 114.118
 114.343
 114.531
 114.706
 114.953
 115.105
 115.341
 115.528
 115.745
 115.934
 116.118
 116.363
 116.514
 116.702
 116.799
 116.940
 117.150
 117.354
 117.326
 117.533
 117.741
 117.877
 111.352
 111.651
 111.681
 112.024
 112.020
 112.366
 112.746
 112.402
 112.706
 113.032
 112.753
 113.042
 113.366
 113.386
 113.653
 114.096
 114.427
 114.161
 114.413
 114.715
 114.810
 115.134
 115.170
 115.492
 115.827
 115.538
 115.912
 116.204
 116.234
 116.582
 116.619
 116.966
 117.233
 116.991
 117.366
 117.691
 117.749
 118.062
 118.094
 118.382
 118.595
 118.759
 118.591
 118.792
 119.157
 119.243
 119.552
 119.653
 119.927
 120.250
 119.988
 120.199
-106.729
-105.142
-113.325
-109.661
-119.967
-116.755
-121.439
 -96.342
 -93.163
-102.673
 -99.605
 -97.094
-109.343
-106.323
-116.138
-112.804
-123.163
-119.799
-128.627
-125.362
-137.906
-134.822
-131.524
-144.691
-141.105
-138.196
-151.287
-147.963
-158.306
-154.895
-165.281
-161.940
-172.245
-168.376
-180.595
-176.504
-187.191
-184.259
-180.968
-192.131
-188.619
-188.570
-198.880
-195.647
-202.086
 -91.098
 -88.066
 -97.970
 -94.673
-104.825
-101.269
-111.483
-108.199
-118.377
-115.035
-125.488
-121.668
-131.852
-128.441
-138.596
-135.464
-148.582
-145.500
-142.031
-155.371
-151.990
-148.884
-162.124
-158.845
-168.974
-165.715
-176.272
-172.718
-183.210
-179.344
-189.430
-186.079
-195.867
-192.377
-202.226
-199.424
-260.380
-265.591
-262.335
-272.434
-269.081
-279.429
-275.548
-285.858
-282.574
-295.444
-292.537
-289.418
-302.474
-299.300
-295.822
-309.358
-306.042
-302.760
-315.886
-312.637
-309.798
-323.252
-319.535
-326.660
  -7.921
  -4.465
 -14.672
 -11.459
 -21.707
 -17.974
 -28.548
 -25.022
 -38.262
 -35.359
 -31.750
 -40.792
 -38.821
 -66.238
 -63.616
 -73.277
 -69.787
 -80.401
 -76.690
 -86.930
 -83.341
 -93.746
 -89.981
-100.503
 -97.082
-107.368
-104.103
-114.598
-110.807
-120.803
-117.576
-127.704
-124.351
-137.907
-134.568
-131.304
-144.678
-141.139
-138.161
-151.362
-148.238
-158.374
-155.003
-164.906
-161.492
-172.423
-168.593
-178.897
-175.805
-185.357
-182.318
-192.168
-188.843
-198.317
-195.716
-256.885
-262.775
-259.833
-269.415
-266.544
-276.011
-272.939
-282.885
-279.572
-289.299
-286.317
-295.920
-292.725
-302.808
-299.189
-312.437
-309.666
-306.835
-317.930
-316.158
-313.162
-324.804
-322.997
-320.006
 -77.135
 -83.064
 -79.700
 -89.521
 -86.273
 -96.244
 -93.478
-103.568
-100.322
-110.403
-106.700
-119.971
-116.698
-114.008
-127.001
-124.128
-121.887
-134.119
-130.871
-128.294
-140.679
-137.604
-134.700
-147.776
-144.397
-141.759
-154.343
-151.692
-161.437
-158.497
-168.198
-165.565
-174.883
-171.759
-181.985
-178.986
-188.647
-185.356
-195.100
-191.950
-198.266
  -2.683
 -10.456
  -7.118
 -16.909
 -13.348
 -26.632
 -23.396
 -20.564
 -33.755
 -31.243
 -27.279
 -41.341
 -37.812
 -34.454
 -48.407
 -44.763
 -55.052
 -51.919
 -61.624
 -58.593
 -69.427
 -65.915
 -75.694
 -72.639
 -78.723
-136.947
-143.523
-140.203
-150.235
-147.555
-157.510
-154.187
-163.892
-161.200
-170.862
-167.616
-178.102
-174.625
-184.440
-181.142
-190.050
-187.612
 -43.056
 -49.707
 -47.046
 -57.412
 -53.961
 -63.769
 -61.014
 -71.688
 -67.981
 -78.292
 -74.535
 -84.732
 -81.364
 -91.628
 -88.479
-101.866
 -98.888
 -95.639
-108.967
-105.684
-102.300
-115.522
-111.860
-109.388
-122.646
-119.759
-129.725
-126.373
-124.071
-136.182
-133.186
-139.311
   8.143
  -0.013
   2.840
   5.818
  -7.400
  -3.995
  -0.606
 -14.589
 -10.806
  -7.776
 -21.832
 -17.966
 -28.695
 -25.505
 -22.533
 -35.269
 -32.454
 -42.036
 -39.488
 -44.471
 -83.424
 -82.111
 -90.492
 -87.058
 -83.655
 -96.992
 -94.468
-104.432
-100.989
-111.351
-107.501
-118.256
-114.739
-125.193
-121.882
-132.455
-128.737
-138.996
-135.517
-145.855
-142.563
-153.211
-149.418
-159.521
-156.225
-166.365
-162.929
-176.421
-173.441
-169.848
-183.341
-179.991
-176.692
-189.797
-186.591
-183.691
-196.498
-193.264
-203.443
-199.987
-209.971
-206.799
-216.456
-213.599
-223.593
-219.965
-229.866
-226.528
-236.978
-233.389
-243.018
-239.907
-249.760
-246.599
-259.062
-255.822
-253.544
-265.846
-262.676
-259.518
-267.755
-266.277
 -23.241
 -30.683
 -26.496
 -37.433
 -33.744
 -44.517
 -41.129
 -51.773
 -48.195
 -59.061
 -55.533
 -66.223
 -62.474
 -76.153
 -72.957
 -69.219
 -79.181
 -76.447
-121.588
-119.559
-128.692
-124.955
-135.412
-132.244
-142.023
-139.706
-149.361
-146.161
-158.676
-156.306
-153.567
-162.745
-160.486
-172.866
-169.953
-167.084
-179.690
-176.517
-173.328
-186.158
-182.905
-180.150
-192.752
-189.741
-200.024
-197.393
-205.799
-203.326
-213.108
-210.361
-220.023
-216.726
-223.258
-222.613
-272.080
-270.046
-278.676
-275.634
-284.959
-281.505
-291.821
-288.687
-294.825
  19.748
  23.230
  12.504
  16.329
  19.428
   5.067
   8.621
  -1.818
   2.066
  -8.843
  -5.273
 -15.988
 -12.480
 -21.926
 -19.704
 -57.382
 -56.160
 -64.669
 -62.171
 -58.689
 -72.082
 -68.797
 -66.062
 -79.274
 -76.196
 -72.635
 -86.595
 -83.207
 -79.761
 -93.433
 -89.929
 -87.138
-100.792
 -97.175
-107.390
-103.385
-114.706
-110.980
-121.820
-118.132
-226.099
-224.349
-232.237
-231.152
  25.811
 -11.347
  -9.852
 -18.551
 -15.445
 -26.111
 -22.832
 -33.280
 -30.024
 -40.122
 -36.920
 -47.004
 -44.781
 -54.105
 -51.386
 -82.622
 -88.500
 -86.264
 -96.227
 -93.786
-103.573
 -99.778
-111.056
-107.094
-117.928
-114.106
-124.561
-121.043
-131.254
-128.084
-137.981
-135.529
-147.659
-145.732
-142.579
-154.869
-152.220
-149.304
-162.189
-158.421
-155.733
-169.072
-165.669
-175.533
-172.393
-182.397
-179.069
-188.185
-186.402
-195.971
-192.728
-203.694
-200.401
-205.070
-216.005
-221.205
-220.400
  26.834
  18.160
  20.648
  24.255
  10.810
  14.230
   3.152
   6.760
  -3.867
  -0.639
  -7.749
 -37.360
 -49.295
 -59.037
 -67.682
 -65.794
 -60.923
 -74.330
 -71.743
 -68.426
 -82.027
 -78.557
 -75.969
 -84.329
-106.659
-112.292
-109.051
-122.617
-119.803
-115.817
-129.738
-126.402
-123.007
-136.840
-133.463
-130.149
-143.391
-140.439
-137.290
-150.500
-146.968
-157.296
-154.170
-164.074
-160.736
-171.059
-167.619
-177.680
-174.105
-184.369
-181.087
-191.276
-187.443
-197.441
-194.761
-206.782
-204.446
-200.970
-213.503
-210.386
-207.701
-219.205
-216.890
-214.002
  28.916
 -34.848
 -32.565
 -62.402
 -59.372
 -69.742
 -66.248
 -76.664
 -73.322
 -84.098
 -80.485
 -91.066
 -87.694
 -98.629
 -94.641
-104.901
-101.967
-108.536
-220.239
-219.323
-226.871
-224.063
-220.870
-233.079
-230.211
-227.388
-239.633
-237.096
-234.382
-245.911
-243.174
-241.460
-252.366
-248.932
-254.397
   9.163
  11.479
   0.905
   5.411
 -32.941
 -29.224
 -40.481
 -36.749
 -47.916
 -44.182
 -55.417
 -51.514
 -57.471
 -49.365
 -49.656
 -49.928
 -56.223
 -56.396
 -56.377
 -56.799
 -57.297
 -57.499
 -58.045
 -58.453
 -58.889
 -59.320
 -59.779
 -60.215
 -60.656
 -61.189
 -61.560
 -61.960
 -61.931
 -61.971
 -49.771
 -50.030
 -50.462
 -50.887
 -51.317
 -51.782
 -51.749
 -52.199
 -52.647
 -53.088
 -53.529
 -53.989
 -54.442
 -54.869
 -55.346
 -55.828
 -57.271
 -57.365
 -67.076
 -67.448
 -67.794
 -49.559
 -49.847
 -50.229
 -50.706
 -51.150
 -51.635
 -52.034
 -52.480
 -52.930
 -53.379
 -53.821
 -54.256
 -54.719
 -55.141
 -55.599
 -56.047
 -56.520
 -56.967
 -57.414
 -57.394
 -57.852
 -58.287
 -58.694
 -59.136
 -59.525
 -60.000
 -60.460
 -60.892
 -61.338
 -61.756
 -62.229
 -62.667
 -63.085
 -63.505
 -63.891
 -63.865
 -64.299
 -64.718
 -65.182
 -65.623
 -66.098
 -66.535
 -66.787
 -49.754
 -49.969
 -50.372
 -50.856
 -51.310
 -51.742
 -52.161
 -52.633
 -53.080
 -53.570
 -53.969
 -54.399
 -54.853
 -55.339
 -55.740
 -56.141
 -56.692
 -57.187
 -57.526
 -57.951
 -58.416
 -58.392
 -58.837
 -59.275
 -59.718
 -60.157
 -60.521
 -61.046
 -61.490
 -61.929
 -62.343
 -62.812
 -63.257
 -63.729
 -64.144
 -64.573
 -65.029
 -65.469
 -65.923
 -66.331
 -66.778
 -67.206
 -67.680
 -67.656
 -68.090
 -68.593
 -68.543
 -68.611
 -49.851
 -50.116
 -50.558
 -50.993
 -51.393
 -51.891
 -52.334
 -52.816
 -53.221
 -53.659
 -54.105
 -54.550
 -54.992
 -55.437
 -55.841
 -56.325
 -56.771
 -57.277
 -57.663
 -58.099
 -58.541
 -59.012
 -59.438
 -59.842
 -60.312
 -60.757
 -61.187
 -61.613
 -62.087
 -62.527
 -62.975
 -63.412
 -63.854
 -64.294
 -64.777
 -65.176
 -65.622
 -66.025
 -66.514
 -66.977
 -67.413
 -67.853
 -68.284
 -68.728
 -68.820
 -41.651
 -41.946
 -41.630
 -42.351
 -42.723
 -43.028
 -49.967
 -50.264
 -50.244
 -50.675
 -51.135
 -51.585
 -52.066
 -52.475
 -52.913
 -53.358
 -53.804
 -54.243
 -54.689
 -55.111
 -55.583
 -56.025
 -56.513
 -56.870
 -57.346
 -57.800
 -58.285
 -58.684
 -59.130
 -59.571
 -60.011
 -60.464
 -60.900
 -61.368
 -61.345
 -61.788
 -62.234
 -62.672
 -63.116
 -63.516
 -64.003
 -64.456
 -64.884
 -65.285
 -65.780
 -66.225
 -66.680
 -67.109
 -67.544
 -68.003
 -68.485
 -68.885
 -69.194
 -42.528
 -43.304
 -44.007
 -43.519
 -50.088
 -50.400
 -50.844
 -51.284
 -51.726
 -52.193
 -52.165
 -52.587
 -53.058
 -53.519
 -53.937
 -54.329
 -54.831
 -55.278
 -55.751
 -56.167
 -56.607
 -57.050
 -57.497
 -57.942
 -58.386
 -58.789
 -59.272
 -59.722
 -60.184
 -60.614
 -61.054
 -61.507
 -61.973
 -62.389
 -62.372
 -62.794
 -63.269
 -63.715
 -64.148
 -64.569
 -65.043
 -65.488
 -65.935
 -66.395
 -66.826
 -67.207
 -67.715
 -68.162
 -68.601
 -69.015
 -69.492
 -69.936
 -70.441
 -70.832
 -71.254
 -71.744
 -72.123
 -72.612
 -72.593
 -73.056
 -73.500
 -73.942
 -74.386
 -74.850
 -75.274
 -75.721
 -76.163
 -76.622
 -77.053
 -77.410
 -50.337
 -50.553
 -51.040
 -51.441
 -51.929
 -52.326
 -52.713
 -53.214
 -53.192
 -53.652
 -54.120
 -54.090
 -54.539
 -54.922
 -55.428
 -55.870
 -56.301
 -56.730
 -57.208
 -57.644
 -58.103
 -58.550
 -58.985
 -59.433
 -59.884
 -60.319
 -60.766
 -61.251
 -61.657
 -62.131
 -62.557
 -63.043
 -63.444
 -63.899
 -64.333
 -64.317
 -64.751
 -65.210
 -65.662
 -66.056
 -66.524
 -66.960
 -67.055
 -67.409
 -67.935
 -68.344
 -68.785
 -69.207
 -69.678
 -70.084
 -70.621
 -71.022
 -71.455
 -71.907
 -72.411
 -72.803
 -73.251
 -73.691
 -74.140
 -74.589
 -75.046
 -75.500
 -75.475
 -75.925
 -76.378
 -76.833
 -77.247
 -77.654
 -50.921
 -51.324
 -51.765
 -52.254
 -52.630
 -53.089
 -53.555
 -54.016
 -54.457
 -54.855
 -55.331
 -55.762
 -56.240
 -56.653
 -57.111
 -57.058
 -57.573
 -58.041
 -57.970
 -58.430
 -58.935
 -58.885
 -59.318
 -59.747
 -60.224
 -60.686
 -61.091
 -61.534
 -62.015
 -62.408
 -62.914
 -63.351
 -63.783
 -64.228
 -64.566
 -64.498
 -64.699
 -65.123
 -65.609
 -66.007
 -66.516
 -66.881
 -67.402
 -67.825
 -68.258
 -68.233
 -68.659
 -69.205
 -69.147
 -69.656
 -70.132
 -69.987
 -70.519
 -71.145
 -70.928
 -71.454
 -71.851
 -72.359
 -72.765
 -72.929
 -73.188
 -73.645
 -74.162
 -74.539
 -75.081
 -75.491
 -75.944
 -76.317
 -76.852
 -77.049
   4.208
   4.001
   3.713
   3.465
   2.991
   3.927
   3.693
   3.401
   3.113
   2.826
   2.457
   2.124
   1.808
   1.516
   1.175
   0.928
   0.549
   0.357
   0.057
  -0.228
  -0.454
  -0.712
  -0.998
  -1.310
  -1.573
  -1.872
  -2.151
  -2.454
  -2.723
  -3.017
  -3.279
  -3.590
  -3.525
  -3.811
   3.831
   3.460
   3.509
   3.179
   2.852
   2.899
   2.602
   2.313
   2.018
   1.761
   1.503
   1.194
   0.788
   0.624
   0.176
  -0.002
  -0.338
  -0.401
  -0.922
  -1.194
  -1.402
  -1.690
  -1.947
  -2.226
  -2.511
  -2.800
  -3.093
  -3.368
  -3.686
  -3.636
  -3.927
  -4.220
  -4.498
  -4.784
  -5.049
  -5.305
   3.510
   3.198
   2.946
   2.657
   2.368
   2.068
   2.111
   1.789
   1.516
   1.222
   0.985
   0.691
   0.413
   0.117
  -0.186
  -0.472
  -0.805
  -1.027
  -1.344
  -1.588
  -1.889
  -2.175
  -2.488
  -2.754
  -3.026
  -3.353
  -3.632
  -3.920
  -3.801
  -4.166
  -4.512
  -4.438
  -4.603
  -4.777
  -5.126
  -5.028
  -5.329
  -5.567
  -5.805
   3.241
   2.937
   2.660
   2.393
   2.101
   1.807
   1.538
   1.232
   0.963
   0.639
   0.697
   0.373
   0.118
  -0.173
  -0.438
  -0.788
  -1.281
  -1.175
  -1.320
  -1.639
  -1.896
  -2.187
  -2.454
  -2.783
  -3.038
  -3.331
  -3.651
  -3.938
  -4.199
  -4.491
  -4.799
  -5.053
  -5.358
  -5.645
  -5.934
  -5.872
  -6.210
  -6.567
  -6.477
  -6.754
  -7.069
  -7.352
  -7.573
   3.154
   3.068
   2.697
   2.383
   2.111
   1.825
   1.561
   1.238
   0.974
   0.704
   0.419
   0.127
  -0.179
  -0.480
  -0.766
  -0.724
  -1.061
  -1.502
  -1.353
  -1.589
  -1.855
  -2.184
  -2.458
  -2.750
  -3.059
  -3.328
  -3.605
  -3.652
  -3.894
  -4.205
  -4.497
  -4.789
  -5.089
  -5.320
  -5.636
  -5.967
  -6.241
  -6.514
  -6.797
  -7.101
  -7.407
  -7.664
  -7.845
   2.977
   2.783
   2.447
   2.184
   1.922
   1.619
   1.351
   1.063
   0.772
   0.459
   0.186
  -0.075
  -0.399
  -0.655
  -0.969
  -1.297
  -1.668
  -1.824
  -2.092
  -2.362
  -2.649
  -2.972
  -3.254
  -3.548
  -3.863
  -4.091
  -4.412
  -4.735
  -5.021
  -5.286
  -5.555
  -5.879
  -6.166
  -6.393
   2.821
   2.539
   2.253
   1.939
   1.663
   1.384
   1.065
   0.804
   0.525
   0.251
  -0.069
  -0.340
  -0.613
  -0.891
  -1.222
  -1.517
  -1.859
  -2.076
  -2.361
  -2.276
  -2.626
  -2.980
  -2.903
  -3.033
  -6.268
  -6.475
  -6.732
  -7.043
  -7.323
  -7.652
  -7.925
  -8.006
  -2.759
  -2.867
  -3.229
  -3.624
  -3.439
  -3.784
  -4.046
  -4.366
  -4.661
  -4.936
  -5.216
  -5.525
  -5.828
  -6.162
  -6.405
  -6.700
  -7.009
  -7.305
  -7.552
  -7.956
   2.468
   2.160
   2.219
   1.904
   1.609
   1.315
   1.063
   0.742
   0.469
   0.167
  -0.103
  -0.384
  -0.658
  -0.922
  -1.242
  -1.553
  -1.838
  -2.143
  -2.425
  -2.705
  -2.983
  -3.297
  -3.553
  -3.912
  -4.157
  -4.481
  -4.730
  -5.071
  -5.015
  -5.344
  -5.612
  -5.683
  -7.890
  -8.145
  -8.558
  -8.728
  -9.150
  -9.308
  -9.786
  -9.560
  -9.946
 -10.243
 -10.554
 -10.780
 -11.139
  -5.505
  -5.603
  -5.923
  -6.176
  -6.506
  -6.786
  -7.102
  -7.395
  -7.676
  -7.968
  -8.298
  -8.590
  -8.860
  -9.174
 -11.224
 -11.394
 -11.756
 -12.069
 -12.322
 -12.596
 -12.915
 -13.208
 -13.551
 -13.793
 -14.164
 -14.280
  -9.224
  -9.479
  -9.783
 -10.099
 -10.406
 -10.691
 -11.019
 -11.301
 -11.583
 -11.929
 -12.091
 -14.469
 -14.749
 -15.013
 -15.405
 -15.643
 -16.005
 -16.305
 -16.619
 -16.821
 -12.286
 -12.581
 -12.778
 -13.105
 -13.036
 -13.366
 -13.740
 -13.673
 -14.011
 -14.297
 -14.550
 -17.223
 -17.443
 -17.813
 -17.997
 -14.747
 -14.873
 -15.182
 -15.831
 -16.113
 -16.453
 -16.711
 -16.965
 -17.146
 -17.363
 -17.672
 -17.974
 -18.309
 -18.566
 -18.804
 451.752
 450.058
 444.422
 438.371
 434.791
 430.313
 422.920
 420.362
 414.333
 408.038
 404.714
 399.743
 392.385
 389.657
 384.607
 377.834
 374.430
 369.460
 364.282
 476.586
 474.048
 467.795
 462.441
 459.363
 452.751
 447.518
 443.656
 440.675
 361.700
 359.222
 355.307
 257.503
 256.033
 255.721
 251.606
 244.437
 240.256
 240.039
 235.475
 228.740
 225.178
 222.467
 437.368
 432.288
 428.844
 422.166
 417.642
 413.764
 407.442
 401.900
 398.485
 391.927
 388.192
 387.234
 383.180
 375.665
 372.193
 371.882
 367.854
 361.234
 357.479
 356.539
 355.692
 269.928
 268.198
 264.497
 258.341
 252.896
 248.746
 242.204
 235.372
 232.930
 226.948
 219.548
 216.202
 210.577
 204.334
 200.352
 194.773
 188.486
 184.390
 178.239
 172.616
 168.753
 162.540
 155.976
 152.837
 145.802
 141.619
 141.062
 137.242
 532.004
 528.722
 523.455
 517.387
 513.400
 507.394
 501.597
 498.609
 492.754
 486.220
 482.775
 476.839
 471.433
 467.507
 461.297
 456.058
 452.210
 446.489
 440.701
 437.269
 430.354
 425.301
 421.845
 414.893
 410.361
 406.375
 398.959
 395.228
 394.975
 391.247
 383.862
 379.789
 379.527
 375.197
 368.185
 364.875
 363.456
 277.543
 275.320
 271.572
 264.868
 259.529
 255.487
 248.922
 242.639
 239.785
 233.214
 228.483
 224.462
 217.342
 212.504
 208.389
 201.512
 197.060
 195.827
 192.666
 185.809
 181.221
 180.929
 176.758
 169.489
 165.300
 165.038
 160.705
 153.192
 149.890
 144.710
 137.083
 132.447
 128.740
 121.448
 117.215
 600.851
 600.060
 595.602
 589.212
 585.330
 581.631
 265.679
 258.112
 578.340
 573.072
 570.133
 564.298
 558.201
 554.173
 548.760
 542.209
 539.020
 532.435
 527.045
 523.410
 517.194
 511.441
 507.365
 501.231
 495.975
 492.678
 485.457
 481.379
 480.282
 476.865
 469.832
 465.595
 464.721
 461.223
 454.425
 449.945
 449.707
 445.583
 438.474
 434.324
 434.127
 429.947
 422.811
 418.668
 418.436
 414.225
 407.177
 403.784
 398.546
 391.528
 388.061
 382.676
 375.864
 372.644
 284.605
 284.917
 282.454
 278.985
 271.931
 266.736
 263.041
 256.162
 250.986
 247.261
 240.309
 236.145
 235.873
 231.296
 224.600
 221.061
 220.111
 215.869
 208.580
 205.159
 204.319
 200.029
 192.930
 189.444
 184.198
 177.114
 173.628
 168.144
 161.752
 157.331
 152.288
 145.977
 142.024
 136.459
 129.790
 126.192
 123.995
 123.138
 588.235
 583.782
 580.027
 574.436
 568.369
 564.143
 558.307
 552.510
 548.707
 542.177
 536.650
 532.859
 526.326
 521.317
 516.799
 510.164
 504.912
 501.465
 494.613
 489.662
 485.382
 478.447
 474.138
 473.899
 469.706
 462.994
 458.334
 458.093
 453.881
 446.592
 442.540
 438.273
 430.744
 426.799
 422.090
 415.014
 411.474
 406.263
 399.622
 395.654
 390.292
 383.618
 379.888
 374.361
 367.840
 364.103
 358.321
 353.893
 292.555
 289.533
 286.061
 279.084
 274.672
 274.447
 270.310
 263.169
 258.954
 258.723
 254.559
 247.459
 243.343
 243.039
 238.338
 231.944
 228.289
 223.069
 216.048
 212.525
 207.385
 200.827
 196.886
 191.740
 184.710
 181.180
 175.649
 169.089
 165.546
 160.120
 153.657
 149.956
 144.753
 138.452
 134.845
 619.052
 615.611
 611.824
 606.285
 599.703
 595.920
 591.999
 597.516
 594.797
 590.949
 584.288
 579.200
 575.048
 567.705
 562.538
 559.125
 551.678
 546.363
 542.763
 535.772
 530.692
 526.605
 519.519
 515.051
 514.817
 510.522
 503.192
 499.051
 498.631
 494.246
 487.021
 482.872
 478.204
 471.322
 467.413
 462.144
 454.919
 451.381
 446.145
 438.931
 434.823
 429.760
 423.172
 419.373
 413.964
 407.188
 403.397
 397.611
 391.667
 387.904
 381.344
 375.808
 372.011
 365.470
 359.853
 355.790
 349.295
 344.044
 340.514
 333.466
 328.186
 324.683
 317.611
 312.408
 308.733
 301.780
 297.615
 297.401
 293.205
 286.237
 281.949
 277.478
 270.104
 266.246
 265.912
 261.401
 254.693
 251.216
 246.054
 239.072
 235.571
 230.279
 223.494
 219.445
 214.561
 208.163
 204.459
 199.035
 193.099
 188.932
 183.427
 177.509
 173.866
 167.504
 162.043
 158.430
 152.050
 147.185
 142.578
 140.145
 626.772
 623.429
 616.716
 611.012
 607.228
 601.424
 477.211
 476.036
 469.914
 464.107
 460.069
 453.769
 447.506
 443.742
 437.455
 431.508
 427.951
 421.031
 415.377
 411.829
 404.921
 400.503
 399.279
 396.169
 388.811
 384.499
 383.387
 379.834
 372.727
 368.745
 367.351
 363.598
 356.531
 353.819
 351.998
 347.500
 340.164
 336.468
 336.118
 332.512
 324.780
 320.666
 320.261
 315.716
 309.071
 305.726
 304.305
 300.258
 293.467
 290.480
 284.742
 278.151
 274.548
 268.644
 262.667
 259.136
 252.752
 247.277
 243.924
 237.702
 231.636
 228.213
 221.570
 216.250
 212.804
 205.663
 200.743
 197.523
 190.683
 185.530
 181.654
 175.461
 172.079
 170.273
 166.505
 160.578
 155.996
 154.977
 151.633
 608.008
 605.520
 601.666
 594.493
 589.873
 584.817
 577.761
 574.193
 569.209
 561.723
 558.763
 556.877
 552.558
 545.148
 541.222
 539.749
 535.625
 528.413
 526.082
 519.291
 512.381
 509.741
 502.563
 496.349
 492.441
 486.276
 480.444
 478.730
 402.118
 396.341
 392.067
 390.930
 387.214
 380.387
 375.882
 374.794
 371.210
 363.980
 360.421
 359.260
 354.716
 347.957
 343.643
 343.299
 339.160
 331.983
 328.411
 327.467
 323.075
 316.355
 312.801
 307.422
 301.048
 297.116
 291.556
 285.085
 281.385
 275.564
 269.536
 266.115
 260.822
 254.519
 250.666
 244.495
 240.352
 239.085
 235.463
 228.940
 223.731
 220.691
 217.656
 625.829
 622.275
 618.209
 611.347
 525.703
 521.802
 518.577
 511.836
 505.407
 501.016
 495.005
 488.449
 485.014
 478.634
 472.435
 468.581
 461.800
 455.920
 451.824
 445.281
 440.798
 439.528
 435.624
 428.847
 422.635
 419.672
 412.464
 408.243
 407.090
 403.653
 218.935
 213.794
 208.997
 205.188
 198.516
 193.356
 189.641
 183.569
 179.203
 178.768
 174.913
 167.508
 164.188
 163.833
 160.642
 617.099
 616.713
 612.373
 604.796
 601.426
 599.421
 595.697
 587.915
 584.642
 582.744
 579.096
 571.646
 567.109
 562.494
 555.091
 550.350
 545.019
 537.605
 534.710
 529.493
 469.876
 464.760
 460.203
 453.036
 447.614
 443.943
 436.529
 430.867
 427.749
 420.120
 414.735
 411.158
 403.506
 399.355
 398.964
 394.631
 387.412
 383.129
 382.908
 378.606
 371.438
 367.066
 366.739
 362.540
 355.187
 350.997
 346.094
 339.228
 335.691
 330.491
 323.424
 319.915
 314.860
 307.990
 304.266
 298.778
 292.373
 288.628
 283.246
 277.311
 272.975
 267.662
 261.883
 258.280
 251.946
 246.568
 243.173
 236.430
 231.409
 227.593
 221.283
 216.246
 212.947
 206.522
 201.770
 197.779
 190.825
 187.160
 186.907
 183.000
 176.249
 172.363
 170.774
 628.992
 621.537
 617.986
 616.766
 553.426
 547.528
 543.482
 538.182
 530.646
 526.157
 520.304
 513.649
 509.506
 503.085
 497.497
 493.249
 486.637
 480.818
 476.850
 473.256
 424.774
 423.609
 418.981
 411.833
 408.230
 401.891
 395.826
 391.812
 386.020
 378.820
 375.587
 369.421
 362.895
 359.700
 353.679
 347.085
 343.340
 337.612
 331.277
 327.867
 321.374
 315.992
 312.697
 305.788
 300.369
 296.896
 290.369
 286.235
 285.051
 281.656
 274.879
 270.947
 269.738
 266.013
 259.861
 255.508
 254.374
 251.404
 244.275
 241.034
 239.963
 235.921
 229.881
 168.358
 563.923
 560.271
 557.418
 500.663
 495.571
 489.459
 485.679
 478.602
 473.698
 473.416
 469.103
 461.972
 458.574
 456.507
 452.090
 444.879
 441.044
 439.916
 435.644
 428.191
 424.777
 422.117
 365.172
 360.758
 355.182
 351.079
 344.820
 340.699
 339.859
 336.072
 329.029
 325.154
 323.596
 320.289
 313.303
 307.823
 305.091
 301.471
 228.673
 225.981
 224.972
 221.232
 214.240
 210.484
 206.278
 199.643
 196.889
 191.497
 184.878
 181.319
 177.964
 440.387
 435.924
 431.622
 431.198
 426.315
 419.229
 416.253
 410.159
 403.433
 400.855
 392.986
 386.799
 384.053
 377.131
 370.731
 367.509
 361.125
 355.595
 351.842
 345.087
 341.256
 338.742
 329.214
 324.785
 320.505
 313.485
 310.847
 309.032
 305.061
 297.667
 294.633
 293.066
 289.220
 282.687
 279.087
 278.056
 274.113
 267.135
 264.240
 262.693
 258.847
 252.537
 249.456
 244.265
 236.969
 235.246
 229.329
 222.679
 219.084
 214.749
 210.025
 209.298
 205.930
 202.828
 366.778
 362.157
 358.715
 352.661
 346.115
 342.431
 336.507
 331.088
 327.496
 320.938
 315.454
 312.089
 305.221
 300.115
 296.580
 289.556
 285.934
 284.946
 282.098
 274.802
 270.801
 270.484
 266.196
 260.296
 256.074
 255.639
 251.583
 247.293
 203.216
 199.068
 194.241
 191.469
 187.101
 248.218
 244.585
 241.926
 236.523
 230.800
 227.385
 222.161
 216.211
 212.978
 208.277
 202.028
 199.447
 -13.516
 -13.829
 -14.195
 -12.543
 -12.860
 -13.286
 -11.597
 -11.889
 -12.316
 -10.632
 -10.882
 -11.317
  -9.914
 -10.349
 -10.606
  -8.879
  -9.357
  -9.649
  -7.791
  -8.228
  -8.546
  -7.110
  -7.273
  -7.618
  -6.830
  -5.326
 -14.413
 -14.691
 -13.447
 -13.769
 -14.177
 -12.493
 -12.795
 -13.191
 -11.549
 -11.849
 -12.267
 -10.603
 -10.849
 -11.308
  -9.659
  -9.949
 -10.340
 -10.578
  -8.924
  -9.333
  -9.638
  -7.856
  -8.025
  -8.368
  -8.675
  -6.884
  -7.180
  -7.577
  -7.785
  -5.931
  -6.182
  -6.612
  -4.981
  -5.224
  -5.665
  -5.908
  -4.441
  -4.639
  -4.944
  -3.411
 -10.666
 -10.820
  -9.686
  -9.974
 -10.406
  -8.930
  -9.136
  -9.475
  -7.919
  -8.154
  -8.511
  -7.049
  -7.204
  -7.536
  -6.123
  -6.573
  -6.825
  -5.156
  -5.568
  -5.873
  -4.164
  -4.609
  -4.923
  -3.633
  -3.939
  -2.668
 -13.423
 -13.803
 -14.107
 -12.510
 -12.878
 -13.190
 -11.574
 -11.895
 -12.264
 -11.011
 -11.342
 -14.035
 -14.259
 -14.653
 -13.351
 -13.777
 -14.007
 -12.448
 -12.864
 -13.119
 -11.571
 -11.944
 -12.235
 -10.629
 -11.011
 -11.320
  -9.707
 -10.088
 -10.392
  -8.785
  -9.123
  -9.475
  -7.846
  -8.168
  -8.540
  -6.880
  -7.243
  -7.634
  -5.934
  -6.228
  -6.645
  -4.994
  -5.278
  -5.700
  -4.042
  -4.286
  -4.734
  -4.945
  -3.271
  -3.704
  -4.000
  -2.727
  -3.038
  -1.517
 -11.266
 -11.535
 -11.874
 -10.395
 -10.605
 -11.021
  -9.531
  -9.741
 -10.141
 -10.365
  -8.817
  -9.211
  -9.488
  -7.877
  -8.319
  -8.590
  -6.888
  -6.942
  -7.339
  -7.644
  -6.023
  -6.456
  -6.802
  -5.097
  -5.406
  -5.783
  -4.150
  -4.470
  -4.858
  -3.158
  -3.485
  -3.908
  -2.156
  -2.451
  -2.909
  -1.927
 -13.812
 -13.055
 -13.303
 -13.668
 -12.138
 -12.410
 -12.771
 -12.012
  -7.685
  -7.943
  -8.229
  -7.022
  -7.429
  -7.654
  -5.975
  -6.141
  -6.513
  -6.765
  -5.163
  -5.572
  -5.893
  -4.201
  -4.640
  -4.942
  -3.251
  -3.642
  -3.963
  -2.299
  -2.694
  -3.012
  -1.302
  -1.639
  -2.037
  -1.089
 -12.813
 -11.976
 -12.341
 -12.629
 -11.162
 -11.514
 -11.800
 -10.316
 -10.614
 -10.934
  -9.436
  -9.714
 -10.100
  -8.564
  -8.841
  -9.198
  -8.403
  -3.311
  -3.735
  -2.357
  -2.777
  -3.080
  -1.368
  -1.791
  -2.119
  -1.009
  -1.170
 -10.131
 -10.423
  -9.305
  -9.654
  -9.918
  -8.472
  -8.756
  -9.096
  -7.647
  -7.894
  -8.255
  -6.715
  -7.005
  -7.375
  -5.846
  -6.137
  -6.509
  -5.022
  -5.188
  -5.591
  -4.236
  -4.694
  -3.343
  -3.712
  -3.998
  -1.334
  -1.570
  -0.360
  -0.721
  -1.095
  -0.080
 -19.958
 -20.208
 -13.903
 -13.152
 -13.379
 -13.722
 -12.380
 -12.592
 -12.955
 -11.789
 -12.130
 -12.349
 -10.963
 -11.304
 -11.556
 -10.568
 -10.769
  -7.550
  -7.803
  -6.674
  -6.985
  -7.286
  -5.834
  -6.157
  -6.457
  -4.957
  -5.235
  -5.600
  -4.155
  -4.345
  -4.678
  -3.115
  -3.380
  -3.772
  -2.187
  -2.434
  -2.864
  -1.255
  -1.474
  -1.911
  -2.149
  -0.476
  -0.915
  -1.200
   0.515
   0.094
  -0.228
   0.782
 -21.233
 -21.461
 -20.664
 -21.001
 -20.342
 -20.447
 -16.216
 -16.420
 -15.471
 -15.775
 -16.022
 -14.707
 -14.954
 -15.265
 -13.980
 -14.195
 -14.503
 -13.865
 -10.513
 -10.754
 -11.017
  -9.753
  -9.949
 -10.340
  -8.987
  -9.188
  -9.522
  -9.714
  -8.339
  -8.667
  -8.939
  -7.944
  -8.141
  -4.923
  -5.204
  -4.066
  -4.443
  -4.713
  -3.242
  -3.563
  -3.831
  -2.264
  -2.546
  -2.943
  -1.336
  -1.652
  -2.032
  -0.356
  -0.704
  -1.095
   0.638
   0.317
  -0.092
   1.363
   0.893
   1.785
 -18.281
 -18.455
 -18.773
 -17.743
 -18.060
 -18.253
 -16.881
 -17.352
 -17.534
 -16.595
 -16.800
 -13.460
 -12.800
 -13.097
 -13.318
 -12.076
 -12.337
 -12.617
 -11.331
 -11.559
 -11.864
 -11.131
  -8.686
  -7.952
  -8.196
  -8.554
  -7.189
  -7.443
  -7.764
  -6.393
  -6.600
  -6.943
  -5.794
  -6.171
  -6.365
  -5.344
  -5.561
 -19.787
 -20.055
 -19.006
 -19.247
 -19.579
 -18.903
 -15.530
 -15.550
 -14.831
 -14.996
 -15.303
 -14.283
 -14.632
 -14.789
 -13.591
 -13.859
 -14.081
 -10.917
 -10.194
 -10.555
 -10.783
  -9.496
  -9.771
 -10.049
  -8.772
  -9.014
  -9.276
  -8.654
 -16.932
 -17.159
 -17.371
 -16.211
 -16.425
 -16.745
 -15.645
 -16.062
 -12.867
 -12.195
 -12.396
 -12.713
 -11.710
 -12.017
 -11.032
 -11.293
 -11.498
 -17.582
 -17.546
 -17.398
 -13.588
 -13.721
 -12.887
 -13.104
 -13.413
 -12.833
 -46.620
 -45.776
 -46.020
 -46.378
 -45.091
 -45.494
 -45.767
 -44.945
 -44.170
 -44.574
 -44.873
 -43.263
 -43.650
 -43.958
 -42.364
 -42.734
 -43.044
 -41.483
 -41.864
 -42.127
 -40.616
 -40.904
 -41.234
 -40.042
 -40.403
 -39.071
 -39.473
 -39.712
 -38.267
 -38.610
 -38.850
 -37.540
 -37.735
 -45.397
 -44.494
 -44.789
 -45.193
 -43.613
 -43.899
 -44.286
 -42.722
 -42.976
 -43.384
 -41.833
 -42.100
 -42.457
 -42.715
 -41.175
 -41.590
 -41.831
 -40.295
 -40.684
 -40.967
 -39.448
 -39.827
 -40.095
 -38.555
 -38.951
 -39.214
 -37.695
 -38.048
 -38.344
 -36.822
 -37.133
 -37.485
 -36.715
 -35.192
 -35.334
 -34.891
 -34.990
 -33.413
 -30.590
 -44.134
 -44.318
 -43.253
 -43.619
 -43.925
 -42.380
 -42.671
 -43.033
 -41.499
 -41.801
 -42.164
 -40.606
 -40.891
 -41.285
 -39.731
 -40.017
 -40.408
 -38.887
 -39.160
 -39.534
 -38.024
 -38.259
 -38.652
 -37.395
 -37.787
 -38.021
 -36.523
 -36.897
 -37.162
 -35.690
 -36.047
 -36.326
 -34.811
 -35.159
 -35.467
 -33.965
 -34.314
 -34.604
 -33.762
 -29.755
 -30.055
 -29.362
 -29.676
 -28.743
 -50.483
 -49.622
 -49.966
 -50.268
 -48.746
 -49.038
 -49.390
 -48.573
 -47.872
 -48.172
 -48.470
 -46.992
 -47.282
 -47.656
 -46.109
 -46.390
 -46.755
 -45.257
 -45.517
 -45.911
 -44.390
 -44.619
 -45.035
 -43.525
 -43.758
 -44.155
 -44.388
 -42.879
 -43.289
 -43.522
 -42.006
 -42.394
 -42.654
 -41.133
 -41.527
 -41.808
 -40.272
 -40.627
 -40.936
 -39.430
 -39.762
 -40.062
 -38.558
 -38.874
 -39.194
 -37.694
 -37.991
 -38.347
 -36.818
 -37.096
 -37.491
 -35.958
 -36.237
 -36.621
 -35.121
 -35.354
 -35.759
 -34.267
 -34.498
 -34.889
 -35.119
 -33.632
 -34.044
 -34.267
 -32.570
 -32.776
 -33.156
 -33.413
 -32.554
 -32.587
 -29.156
 -29.361
 -28.418
 -29.126
 -28.357
 -46.432
 -46.802
 -47.015
 -45.596
 -45.944
 -46.238
 -44.769
 -45.108
 -45.390
 -43.917
 -44.211
 -44.543
 -43.069
 -43.364
 -43.714
 -42.213
 -42.504
 -42.870
 -41.385
 -41.634
 -42.018
 -40.538
 -40.770
 -41.165
 -39.917
 -40.305
 -40.536
 -39.056
 -39.465
 -39.688
 -38.202
 -38.581
 -38.837
 -37.344
 -37.712
 -38.006
 -36.491
 -36.844
 -37.114
 -35.650
 -35.988
 -36.284
 -34.788
 -35.085
 -35.416
 -33.920
 -34.228
 -34.579
 -33.062
 -33.354
 -33.725
 -32.216
 -32.488
 -32.860
 -31.594
 -31.994
 -27.002
 -27.189
 -26.433
 -26.778
 -27.024
 -25.957
 -48.969
 -48.125
 -48.512
 -48.751
 -47.306
 -47.659
 -47.934
 -47.018
 -47.088
 -44.834
 -45.026
 -45.394
 -43.998
 -44.219
 -44.640
 -43.214
 -43.425
 -43.751
 -42.588
 -42.954
 -43.157
 -41.558
 -41.751
 -42.134
 -42.347
 -40.917
 -41.270
 -41.551
 -40.096
 -40.463
 -40.738
 -39.301
 -39.603
 -39.937
 -38.427
 -38.775
 -39.045
 -37.590
 -37.863
 -38.238
 -36.772
 -36.992
 -37.395
 -35.928
 -36.158
 -36.543
 -36.772
 -35.298
 -35.706
 -35.929
 -34.444
 -34.825
 -35.101
 -33.590
 -33.955
 -34.247
 -32.727
 -33.062
 -33.352
 -31.879
 -32.198
 -32.518
 -31.008
 -31.309
 -31.643
 -30.443
 -30.798
 -26.459
 -25.757
 -26.044
 -26.379
 -25.175
 -25.679
 -25.757
 -24.650
 -47.235
 -47.518
 -46.401
 -46.740
 -47.005
 -45.636
 -45.832
 -46.190
 -45.500
 -25.319
 -24.323
 -24.966
 -25.004
 -24.296
 -23.835
 -23.831
 -34.439
 -34.701
 -34.972
 -33.641
 -33.930
 -34.255
 -32.852
 -33.084
 -33.436
 -31.993
 -32.272
 -32.616
 -32.842
 -31.163
 -31.423
 -31.770
 -32.020
 -30.337
 -30.566
 -30.966
 -31.213
 -29.709
 -30.076
 -30.358
 -28.829
 -29.210
 -29.501
 -27.960
 -28.316
 -28.620
 -27.034
 -27.435
 -27.759
 -26.816
 -26.869
 483.753
 481.826
 481.513
 481.032
 480.851
 480.847
 480.262
 480.202
 479.587
 479.103
 478.954
 478.378
 478.845
 477.683
 476.717
 476.191
 475.650
 475.160
 475.406
 475.028
 474.656
 474.222
 474.025
 473.679
 473.562
 473.846
 468.958
 468.730
 468.374
 468.490
 467.374
 471.630
 471.274
 471.021
 470.773
 470.625
 470.330
 470.034
 469.570
 469.863
 469.487
 469.235
 468.952
 468.810
 468.585
 468.243
 468.014
 467.793
 467.554
 467.324
 466.954
 467.310
 466.835
 466.559
 466.058
 466.149
 462.132
 461.448
 461.055
 461.776
 460.978
 460.841
 460.658
 460.470
 460.010
 459.568
 458.444
 457.416
 456.928
 456.690
 456.257
 455.845
 455.507
 455.814
 455.308
 455.097
 454.696
 454.819
 454.513
 454.312
 453.889
 453.681
 453.316
 452.991
 452.469
 452.809
 452.495
 452.255
 461.720
 461.481
 461.286
 461.097
 461.047
 460.838
 460.614
 460.257
 460.148
 459.945
 459.737
 459.632
 459.579
 459.182
 459.060
 458.464
 458.895
 458.650
 458.499
 458.221
 458.073
 457.857
 457.567
 457.766
 453.896
 453.427
 453.892
 453.211
 453.025
 452.673
 452.647
 452.583
 452.438
 452.070
 451.544
 451.067
 450.742
 450.276
 450.998
 450.070
 449.738
 449.400
 449.100
 448.941
 448.496
 448.373
 447.473
 448.240
 447.581
 447.078
 446.797
 446.671
 446.363
 445.798
 445.710
 445.422
 444.924
 444.571
 443.603
 444.941
 444.209
 445.852
 445.268
 446.539
 445.568
 445.536
 444.721
 444.863
 444.707
 443.845
 444.251
 444.434
 443.690
 442.862
 441.714
 443.396
 442.392
 442.222
 441.016
 441.487
 440.842
 440.209
 439.727
 452.536
 452.642
 451.917
 452.108
 451.331
 452.475
 452.067
 451.586
 451.165
 451.207
 451.631
 450.877
 451.161
 451.555
 450.490
 450.786
 449.858
 450.874
 450.429
 450.615
 449.668
 450.107
 449.907
 449.705
 449.830
 441.502
 440.594
 440.598
 439.443
 439.018
 438.502
 438.570
 437.934
 437.566
 437.030
 436.887
 436.425
 441.002
 441.381
 440.941
 442.061
 441.098
 441.216
 440.870
 440.948
 441.420
 440.554
 440.814
 441.034
 440.485
 440.343
 439.647
 440.262
 439.725
 439.934
 439.210
 440.414
 439.361
 439.482
 438.575
 438.724
 438.901
 438.420
 437.742
 437.312
 437.196
 437.074
 436.847
 436.714
 436.882
 436.326
 436.105
 436.219
 435.227
 435.410
 433.906
 435.825
 434.819
 434.304
 433.361
 433.505
 433.520
 432.538
 432.404
 431.963
 431.692
 431.584
 430.297
 430.137
 429.092
 429.299
 428.721
 428.233
 427.913
 426.806
 427.525
 426.929
 441.994
 441.931
 441.465
 442.263
 441.763
 441.914
 441.417
 441.851
 441.741
 441.341
 441.321
 441.797
 441.487
 442.341
 428.839
 428.785
 428.605
 428.388
 428.285
 427.989
 427.792
 427.219
 427.558
 427.303
 426.886
 426.536
 426.250
 425.899
 425.495
 425.058
 431.467
 431.532
 431.402
 431.445
 431.494
 431.759
 431.476
 431.543
 431.380
 431.453
 431.414
 431.285
 431.299
 431.263
 431.189
 431.109
 430.904
 430.913
 430.813
 430.595
 430.393
 430.447
 430.201
 430.112
 430.132
 429.737
 429.603
 429.403
 429.232
 426.086
 425.830
 425.289
 425.077
 424.528
 424.050
 423.599
 423.952
 423.357
 422.952
 422.429
 422.223
 421.784
 421.379
 420.731
 419.770
 420.356
 419.978
 419.472
 418.752
 419.362
 418.639
 418.083
 417.440
 417.034
 416.618
 416.208
 415.593
 415.291
 414.642
 413.907
 431.308
 431.334
 431.295
 431.408
 431.452
 431.428
 431.611
 421.603
 422.844
 422.504
 423.647
 422.813
 422.961
 422.222
 422.272
 422.551
 422.006
 422.045
 421.368
 422.118
 421.917
 421.767
 420.953
 421.913
 421.081
 420.652
 420.312
 420.171
 420.290
 419.933
 420.048
 419.266
 419.960
 419.360
 419.121
 418.075
 419.418
 418.554
 418.514
 417.278
 417.573
 417.458
 416.559
 416.498
 415.757
 415.396
 415.161
 414.034
 415.459
 414.708
 413.738
 412.929
 412.575
 411.250
 412.644
 411.211
 421.741
 422.092
 421.934
 422.257
 421.508
 422.572
 422.016
 422.490
 422.180
 422.984
 422.558
 422.830
 422.467
 422.682
 423.066
 422.490
 422.978
 421.877
 423.599
 422.857
 423.144
 411.870
 411.425
 409.700
 411.593
 410.043
 409.912
 408.902
 410.149
 408.677
 407.938
 421.789
 421.740
 421.369
 421.952
 413.268
 412.400
 413.831
 413.581
 414.741
 414.314
 414.547
 414.903
 413.635
 414.621
 413.496
 413.491
 413.531
 413.816
 413.631
 413.257
 413.281
 413.114
 412.408
 412.672
 412.906
 412.117
 412.321
 411.139
 412.114
 411.482
 411.112
 410.695
 410.929
 410.457
 407.305
 407.111
 403.390
 402.129
 404.015
 411.485
 411.934
 413.173
 412.681
 412.807
 413.282
 412.603
 413.373
 412.805
 413.501
 413.877
 413.228
 413.695
 414.781
 403.357
 403.664
 403.644
 403.451
 403.387
 403.405
 403.069
 403.078
 402.576
 402.916
 402.504
 402.405
 402.008
 402.070
 401.862
 401.494
 401.473
 401.284
 400.717
 400.441
 399.816
 400.462
 399.729
 399.380
 398.699
 398.348
 398.136
 397.428
 397.049
 396.874
 395.890
 411.597
 411.947
 411.648
 413.084
 402.651
 402.530
 402.893
 402.869
 403.200
 403.055
 403.342
 403.737
 403.439
 403.698
 403.938
 403.738
 403.828
 403.499
 404.134
 403.737
 403.697
 403.641
 403.975
 396.987
 396.172
 395.853
 394.636
 395.933
 394.700
 393.746
 393.165
 393.008
 392.327
 391.436
 391.088
 389.970
 390.550
 389.635
 388.869
 402.033
 401.507
 401.682
 402.354
 402.275
 402.700
 -62.823
 -62.833
 -62.704
 -62.736
 -62.765
 -62.563
 -62.607
 -62.631
 -62.568
 -62.517
 -63.923
 -63.953
 -64.002
 -63.781
 -63.829
 -63.885
 -63.627
 -63.665
 -63.716
 -63.488
 -63.515
 -63.584
 -63.383
 -63.428
 -63.019
 -63.088
 -63.219
 -62.894
 -62.942
 -62.803
 -62.839
 -63.369
 -63.152
 -63.228
 -63.295
 -62.996
 -63.037
 -63.100
 -62.869
 -62.940
 -62.662
 -62.776
 -62.817
 -62.491
 -62.468
 -62.463
 -62.188
 -62.238
 -62.237
 -62.120
 -62.108
 -62.169
 -62.229
 -61.950
 -61.990
 -62.062
 -61.846
 -61.906
 -61.701
 -61.760
 -61.788
 -61.559
 -61.605
 -61.659
 -61.527
 -62.455
 -62.235
 -62.315
 -62.370
 -62.064
 -62.120
 -62.181
 -61.893
 -61.949
 -62.004
 -61.759
 -61.840
 -61.576
 -61.649
 -61.708
 -61.412
 -61.461
 -61.430
 -61.280
 -61.361
 -61.095
 -61.179
 -61.225
 -60.918
 -60.978
 -61.040
 -60.775
 -60.816
 -60.870
 -60.646
 -60.705
 -60.748
 -60.478
 -60.546
 -60.605
 -60.386
 -60.439
 -61.448
 -61.527
 -61.319
 -61.396
 -61.125
 -61.206
 -61.265
 -60.948
 -61.021
 -61.065
 -60.818
 -60.889
 -60.624
 -60.700
 -60.753
 -60.451
 -60.514
 -60.472
 -60.247
 -60.313
 -60.386
 -60.106
 -60.197
 -60.214
 -59.919
 -59.985
 -60.043
 -59.737
 -59.803
 -59.859
 -59.599
 -59.690
 -59.412
 -59.493
 -59.547
 -59.237
 -59.298
 -59.354
 -59.104
 -59.184
 -60.543
 -60.623
 -60.360
 -60.378
 -60.468
 -60.209
 -60.270
 -60.320
 -60.013
 -60.078
 -60.130
 -59.817
 -59.874
 -59.963
 -59.639
 -59.755
 -59.473
 -59.556
 -59.528
 -59.264
 -59.337
 -59.415
 -59.105
 -59.209
 -58.912
 -58.981
 -59.043
 -58.706
 -58.789
 -58.838
 -58.499
 -58.559
 -58.648
 -58.361
 -58.439
 -58.142
 -58.229
 -58.283
 -57.942
 -57.996
 -58.084
 -57.877
 -59.600
 -59.705
 -59.429
 -59.471
 -59.545
 -59.269
 -59.359
 -59.072
 -59.160
 -59.194
 -58.886
 -58.945
 -59.009
 -58.673
 -58.667
 -58.800
 -58.506
 -58.597
 -58.630
 -58.281
 -58.360
 -58.452
 -58.210
 -58.284
 -58.045
 -58.112
 -58.224
 -57.893
 -57.979
 -57.675
 -57.761
 -57.809
 -57.456
 -57.515
 -57.607
 -57.210
 -57.282
 -57.363
 -57.030
 -57.148
 -57.162
 -56.802
 -56.896
 -56.963
 -56.719
 -56.717
 -59.000
 -58.642
 -58.729
 -58.430
 -58.516
 -58.589
 -58.263
 -58.283
 -58.368
 -58.081
 -58.183
 -58.225
 -57.873
 -57.944
 -58.013
 -57.659
 -57.658
 -57.824
 -57.492
 -57.580
 -57.249
 -57.334
 -57.404
 -56.995
 -57.076
 -57.174
 -56.784
 -56.824
 -56.926
 -56.585
 -56.677
 -56.749
 -56.433
 -56.489
 -57.988
 -57.679
 -57.771
 -57.467
 -57.549
 -57.601
 -57.262
 -57.317
 -57.412
 -57.105
 -57.195
 -56.876
 -56.978
 -57.037
 -56.329
 -56.394
 -56.077
 -56.154
 -56.259
 -55.851
 -55.883
 -56.008
 -55.631
 -55.728
 -55.817
 -55.342
 -55.456
 -55.533
 -55.053
 -55.141
 -55.273
 -54.843
 -54.966
 -54.694
 -54.776
 -56.882
 -56.667
 -56.670
 -56.818
 -56.419
 -56.484
 -56.577
 -56.230
 -56.341
 -56.389
 -55.953
 -56.067
 -56.131
 -55.705
 -55.789
 -55.897
 -55.511
 -55.634
 -55.245
 -55.352
 -55.429
 -54.961
 -55.076
 -55.152
 -54.908
 -54.568
 -54.648
 -54.291
 -54.375
 -54.496
 -53.995
 -54.076
 -54.191
 -53.812
 -53.913
 -53.965
 -53.478
 -53.599
 -53.690
 -53.168
 -53.280
 -53.383
 -53.086
 -56.918
 -56.709
 -56.742
 -56.836
 -56.528
 -56.621
 -56.676
 -56.331
 -56.402
 -56.449
 -56.104
 -56.159
 -56.245
 -55.934
 -56.026
 -55.680
 -55.729
 -55.856
 -55.423
 -55.500
 -55.592
 -55.171
 -55.232
 -55.342
 -55.110
 -55.127
 -54.670
 -54.754
 -54.879
 -54.458
 -54.586
 -54.146
 -54.286
 -54.371
 -53.856
 -53.959
 -54.065
 -53.531
 -53.630
 -53.734
 -53.475
 -52.939
 -53.040
 -52.759
 -52.857
 -54.957
 -55.063
 -54.666
 -54.783
 -54.852
 -54.385
 -54.474
 -54.591
 -54.163
 -54.301
 -53.854
 -53.977
 -54.062
 -53.674
 -53.751
 -53.306
 -53.413
 -52.982
 -53.129
 -53.221
 -52.650
 -52.760
 -52.884
 -52.334
 -52.449
 -52.563
 -52.096
 -52.249
 -52.303
 -55.382
 -55.489
 -55.113
 -55.163
 -55.266
 -54.858
 -54.895
 -55.018
 -54.645
 -54.683
 -54.804
 -54.406
 -54.471
 -54.537
 -54.320
 -54.297
 -53.543
 -53.601
 -53.225
 -53.325
 -53.460
 -52.980
 -53.127
 -52.655
 -52.783
 -52.886
 -52.317
 -52.426
 -52.524
 -52.039
 -51.751
 -51.876
 -51.993
 -51.394
 -51.519
 -51.643
 -51.328
 -52.281
 -51.960
 -52.051
 -52.199
 -51.696
 -51.844
 -51.319
 -51.497
 -51.587
 -51.146
 -51.233
 -50.982
 -51.034
 -50.635
 -50.732
 -50.871
 -50.574
  31.699
  31.444
  31.222
  32.405
  32.195
  31.891
  33.000
  32.649
  32.442
  33.612
  33.523
  33.205
  33.784
  31.955
  31.725
  31.485
  32.626
  32.436
  32.125
  33.160
  32.861
  32.655
  33.875
  33.628
  33.371
  34.447
  34.193
  33.986
  35.077
  34.724
  35.830
  35.643
  35.538
  35.336
  36.393
  36.089
  35.865
  37.096
  36.877
  36.611
  37.629
  37.305
  38.016
  37.873
  32.108
  31.846
  31.626
  32.803
  32.596
  32.282
  33.316
  33.005
  34.041
  33.740
  33.506
  34.749
  34.505
  34.220
  35.329
  34.948
  35.978
  35.717
  35.498
  36.690
  36.433
  36.184
  37.388
  37.180
  36.887
  37.912
  37.591
  37.440
  38.631
  38.332
  38.105
  39.312
  39.094
  38.830
  40.029
  39.828
  39.521
  40.575
  40.260
  40.068
  41.261
  41.025
  40.768
  42.002
  41.748
  41.517
  42.518
  42.213
  42.042
  42.821
  42.710
  31.726
  32.278
  31.982
  31.766
  32.948
  32.712
  32.468
  33.668
  33.480
  33.164
  34.204
  33.916
  33.703
  34.913
  34.669
  34.408
  35.651
  35.494
  35.134
  36.147
  35.877
  35.705
  36.871
  36.565
  36.338
  37.544
  37.325
  37.062
  38.269
  38.063
  37.757
  38.806
  38.502
  38.304
  39.372
  39.215
  39.009
  31.891
  31.806
  32.416
  32.085
  31.924
  33.114
  32.816
  32.581
  33.839
  33.598
  33.308
  34.155
  34.005
  39.505
  39.436
  40.245
  40.007
  39.704
  40.905
  40.788
  40.432
  41.463
  41.170
  40.956
  42.192
  41.930
  41.692
  42.911
  42.705
  42.378
  43.078
  42.948
  31.943
  34.497
  34.337
  34.110
  35.039
  34.753
  34.539
  35.759
  35.506
  35.247
  36.480
  36.277
  35.978
  37.013
  36.695
  36.513
  37.726
  37.422
  37.184
  38.411
  38.216
  37.920
  39.130
  38.932
  38.621
  39.646
  39.382
  39.164
  40.403
  40.145
  39.883
  41.123
  40.891
  40.594
  41.564
  41.330
  34.683
  34.468
  34.159
  35.188
  34.878
  35.930
  35.602
  35.390
  36.605
  36.401
  36.111
  37.343
  37.118
  36.836
  37.877
  37.553
  37.363
  38.574
  38.309
  38.056
  41.713
  42.359
  42.064
  41.849
  43.092
  42.834
  42.585
  43.526
  43.289
  32.279
  32.919
  32.709
  32.444
  33.306
  33.116
  38.667
  39.323
  39.064
  38.793
  40.011
  39.797
  39.508
  40.541
  40.261
  40.032
  41.297
  41.022
  40.767
  42.025
  41.780
  41.470
  42.541
  42.186
  42.780
  42.737
  43.284
  42.962
  43.999
  43.722
  43.473
  44.724
  44.507
  44.203
  44.893
  34.368
  35.056
  34.863
  34.659
  35.758
  35.541
  35.216
  36.286
  35.980
  35.803
  37.014
  36.689
  36.510
  37.710
  37.515
  37.211
  38.218
  37.980
  38.436
  -0.661
  -0.272
  -1.416
  -3.266
   3.478
  -0.505