   -23.707924
    17.956524
   -28.533529
   -94.416277
   -53.964929
  -103.579307
     4.232615
     9.710370
    -7.179775
  2067.519687
    11.666106
   -23.469726
    -1.568066
  -194.086186
    10.055302
   -12.923533
     1.266286
     9.268603
    54.160937
    48.397917
    45.849552
    39.469007
    22.606052
     7.182056
    -3.487762
   133.466447
    25.727682
    38.327654
   -21.767333
   -29.482750
   -31.320439
  -266.637799
  -174.403678
    65.392993
    22.711860
   -28.249460
   -19.352736
    84.773435
   102.826445
    47.254664
    -9.953754
    12.815636
   483.402530
 -4170.063205
-12300.123325